15,36,280,669,9,10,0,0,1
15,37,277,673,9,9,0,0,1
15,61,312,722,10,10,0,0,1
15,1,236,48,10,11,0,0,1
15,2,232,60,9,13,0,0,1
15,3,275,15,10,12,0,0,1
15,4,175,69,9,9,0,0,1
15,6,222,107,10,11,0,0,1
15,7,218,125,11,11,0,0,1
15,8,249,76,8,11,0,0,1
15,9,215,166,9,11,0,0,1
15,10,228,189,10,11,0,0,1
15,11,250,115,8,11,0,0,1
15,12,213,241,10,11,0,0,1
15,13,208,255,10,12,0,0,1
15,14,208,284,9,12,0,0,1
15,15,205,308,10,11,0,0,1
15,16,206,342,10,11,0,0,1
15,17,236,226,11,10,0,0,1
15,18,240,256,9,9,0,0,1
15,19,270,229,11,11,0,0,1
15,20,203,163,7,8,0,0,1
15,21,183,307,9,10,0,0,1
15,22,172,349,9,10,0,0,1
15,23,242,317,11,13,0,0,1
15,24,240,324,9,12,0,0,1
15,25,215,450,10,12,0,0,1
15,26,236,470,9,13,0,0,1
15,27,217,467,11,11,0,0,1
15,28,215,481,10,10,0,0,1
15,29,237,524,10,11,0,0,1
15,30,220,509,10,10,0,0,1
15,31,219,525,10,11,0,0,1
15,32,254,588,10,10,0,0,1
15,33,259,613,11,14,0,0,1
15,34,259,629,12,17,0,0,1
15,35,228,616,10,11,0,0,1
15,38,226,603,9,10,0,0,1
15,39,232,430,9,12,0,0,1
15,40,280,728,10,10,0,0,1
15,41,316,822,10,12,0,0,1
15,42,322,839,10,11,0,0,1
15,43,351,839,8,10,0,0,1
15,44,390,918,9,9,0,0,1
15,45,407,936,11,12,0,0,1
15,46,390,945,10,9,0,0,1
15,47,416,959,11,11,0,0,1
15,48,381,925,10,9,0,0,1
15,50,440,896,10,12,0,0,1
15,51,403,894,11,12,0,0,1
15,52,389,866,10,10,0,0,1
15,53,413,851,12,11,0,0,1
15,54,412,839,10,9,0,0,1
15,55,379,856,10,11,0,0,1
15,56,351,808,10,11,0,0,1
15,57,333,769,10,11,0,0,1
15,58,335,764,10,10,0,0,1
15,59,390,793,10,10,0,0,1
15,60,363,757,11,12,0,0,1
15,62,297,678,9,10,0,0,1
15,63,301,663,9,9,0,0,1
15,65,320,602,12,18,0,0,1
15,66,315,565,11,15,0,0,1
15,67,307,535,10,12,0,0,1
15,68,305,528,8,9,0,0,1
15,69,312,566,9,9,0,0,1
15,70,264,560,9,10,0,0,1
15,71,252,521,11,11,0,0,1
15,72,289,440,10,13,0,0,1
15,73,246,423,11,12,0,0,1
15,74,279,367,9,10,0,0,1
15,75,377,6,11,10,0,0,1
15,76,435,27,12,10,0,0,1
15,77,458,39,10,10,0,0,1
15,78,481,41,11,9,0,0,1
15,79,504,52,10,9,0,0,1
15,80,524,57,11,9,0,0,1
15,81,538,59,13,11,0,0,1
15,82,547,69,10,10,0,0,1
15,83,566,67,11,10,0,0,1
15,84,574,78,12,10,0,0,1
15,85,617,92,10,9,0,0,1
15,86,578,64,16,14,0,0,1
15,87,643,102,10,10,0,0,1
15,88,654,111,11,10,0,0,1
15,89,672,102,12,10,0,0,1
15,90,770,158,12,9,0,0,1
15,91,785,164,11,10,0,0,1
15,92,801,158,10,9,0,0,1
15,93,815,162,10,9,0,0,1
15,94,881,204,11,9,0,0,1
15,95,863,185,12,10,0,0,1
15,96,904,201,10,10,0,0,1
15,97,968,254,11,10,0,0,1
15,98,993,264,7,8,0,0,1
15,99,916,232,9,9,0,0,1
15,100,941,232,9,8,0,0,1
15,101,825,296,12,10,0,0,1
15,102,618,316,10,9,0,0,1
15,103,375,201,10,13,0,0,1
15,104,496,678,8,10,0,0,1
15,106,477,723,11,9,0,0,1
15,107,542,839,9,10,0,0,1
15,108,562,876,10,11,0,0,1
15,109,560,862,10,12,0,0,1
15,110,564,885,9,11,0,0,1
15,111,570,889,9,9,0,0,1
15,112,574,895,9,10,0,0,1
15,113,570,898,11,10,0,0,1
15,114,575,905,9,10,0,0,1
15,115,894,876,10,9,0,0,1
15,116,16,700,11,9,0,0,1
15,118,28,736,12,9,0,0,1
15,120,3,412,9,8,0,0,1
15,122,61,455,13,11,0,0,1
15,123,60,440,12,8,0,0,1
15,124,83,432,10,11,0,0,1
15,125,91,363,8,9,0,0,1
15,126,88,454,16,11,0,0,1
15,127,446,27,11,9,0,0,1
15,128,384,768,10,9,0,0,1
15,129,445,967,10,10,0,0,1
15,130,238,9,10,11,0,0,1
15,131,234,0,11,7,0,0,1
15,132,224,5,10,11,0,0,1
20,36,285,684,8,9,0,0,1
20,37,280,682,9,11,0,0,1
20,61,306,706,9,10,0,0,1
20,1,236,65,9,10,0,0,1
20,2,231,75,9,12,0,0,1
20,3,276,7,9,10,0,0,1
20,4,176,73,9,9,0,0,1
20,6,223,119,9,10,0,0,1
20,7,219,135,9,10,0,0,1
20,8,250,61,8,10,0,0,1
20,9,215,176,8,10,0,0,1
20,10,228,204,9,11,0,0,1
20,11,251,102,8,10,0,0,1
20,12,214,252,9,10,0,0,1
20,13,207,265,10,11,0,0,1
20,14,208,295,9,11,0,0,1
20,15,205,318,9,10,0,0,1
20,16,207,352,9,10,0,0,1
20,17,238,210,9,10,0,0,1
20,18,240,244,9,8,0,0,1
20,19,271,218,10,10,0,0,1
20,21,184,302,8,9,0,0,1
20,22,173,356,8,9,0,0,1
20,23,244,307,9,12,0,0,1
20,24,239,308,9,12,0,0,1
20,25,217,463,9,11,0,0,1
20,26,238,485,9,12,0,0,1
20,27,219,476,10,11,0,0,1
20,28,217,491,9,10,0,0,1
20,29,240,540,9,10,0,0,1
20,30,222,519,9,9,0,0,1
20,31,221,537,9,10,0,0,1
20,32,256,597,10,10,0,0,1
20,33,264,626,10,13,0,0,1
20,34,262,640,11,14,0,0,1
20,38,226,610,9,10,0,0,1
20,39,233,446,9,11,0,0,1
20,40,284,740,9,9,0,0,1
20,41,321,832,9,11,0,0,1
20,42,329,852,9,9,0,0,1
20,43,359,853,8,9,0,0,1
20,45,415,950,10,11,0,0,1
20,46,398,953,9,9,0,0,1
20,47,423,970,10,11,0,0,1
20,48,385,935,9,9,0,0,1
20,50,434,886,10,10,0,0,1
20,51,399,884,10,11,0,0,1
20,52,384,854,9,10,0,0,1
20,53,408,840,10,10,0,0,1
20,54,409,831,9,9,0,0,1
20,55,374,846,9,10,0,0,1
20,56,346,797,9,10,0,0,1
20,59,388,785,9,9,0,0,1
20,60,360,748,9,9,0,0,1
20,62,294,667,8,9,0,0,1
20,63,297,651,9,9,0,0,1
20,65,320,595,11,18,0,0,1
20,66,315,558,10,15,0,0,1
20,67,307,526,9,11,0,0,1
20,68,304,518,8,9,0,0,1
20,69,311,556,8,9,0,0,1
20,70,262,546,9,10,0,0,1
20,71,250,505,9,11,0,0,1
20,72,288,429,9,12,0,0,1
20,73,246,411,8,11,0,0,1
20,74,279,358,8,9,0,0,1
20,75,384,10,10,9,0,0,1
20,76,443,31,11,9,0,0,1
20,77,469,44,10,9,0,0,1
20,78,491,45,10,9,0,0,1
20,79,512,55,9,8,0,0,1
20,80,533,62,10,8,0,0,1
20,81,547,63,12,10,0,0,1
20,82,556,73,10,9,0,0,1
20,83,578,71,10,9,0,0,1
20,84,583,81,12,10,0,0,1
20,85,628,96,10,9,0,0,1
20,86,570,61,16,12,0,0,1
20,87,652,106,10,9,0,0,1
20,88,662,116,11,9,0,0,1
20,89,664,99,11,9,0,0,1
20,90,782,163,10,9,0,0,1
20,91,797,170,10,9,0,0,1
20,92,793,154,10,9,0,0,1
20,93,806,158,10,9,0,0,1
20,94,893,209,11,9,0,0,1
20,95,856,182,11,9,0,0,1
20,96,894,198,10,8,0,0,1
20,97,978,258,10,10,0,0,1
20,99,925,236,9,8,0,0,1
20,100,953,238,8,8,0,0,1
20,101,821,294,11,10,0,0,1
20,102,625,320,11,9,0,0,1
20,103,377,197,9,10,0,0,1
20,104,494,678,8,9,0,0,1
20,106,481,726,9,10,0,0,1
20,107,545,844,9,10,0,0,1
20,108,564,879,9,10,0,0,1
20,109,557,857,10,11,0,0,1
20,110,564,885,9,11,0,0,1
20,111,570,889,9,9,0,0,1
20,112,574,895,9,10,0,0,1
20,113,570,898,11,10,0,0,1
20,114,575,905,9,10,0,0,1
20,115,897,876,11,9,0,0,1
20,116,6,699,10,8,0,0,1
20,118,40,738,11,9,0,0,1
20,120,1,410,8,8,0,0,1
20,122,67,459,12,10,0,0,1
20,123,59,439,11,8,0,0,1
20,124,82,436,9,10,0,0,1
20,125,91,366,7,8,0,0,1
20,126,83,454,14,10,0,0,1
20,127,456,32,10,9,0,0,1
20,128,384,761,9,10,0,0,1
20,129,438,955,9,10,0,0,1
20,130,238,28,9,10,0,0,1
20,131,235,10,9,11,0,0,1
20,132,224,18,9,10,0,0,1
20,133,409,948,8,8,0,0,1
20,134,494,759,12,9,0,0,1
25,44,404,939,9,8,0,0,1
25,36,288,697,9,10,0,0,1
25,37,283,692,10,12,0,0,1
25,61,301,691,9,10,0,0,1
25,1,234,79,9,11,0,0,1
25,2,231,89,9,12,0,0,1
25,3,274,0,10,9,0,0,1
25,4,175,78,9,9,0,0,1
25,6,222,132,9,11,0,0,1
25,7,217,143,9,11,0,0,1
25,8,251,44,9,11,0,0,1
25,9,213,183,9,11,0,0,1
25,10,227,218,9,12,0,0,1
25,11,250,87,9,10,0,0,1
25,12,213,260,10,11,0,0,1
25,13,206,273,11,11,0,0,1
25,14,208,306,9,10,0,0,1
25,15,205,326,9,11,0,0,1
25,16,208,361,9,11,0,0,1
25,17,238,195,10,11,0,0,1
25,18,241,232,9,8,0,0,1
25,19,270,204,11,11,0,0,1
25,21,183,296,9,10,0,0,1
25,22,172,361,9,10,0,0,1
25,23,243,294,10,13,0,0,1
25,24,237,293,10,13,0,0,1
25,25,218,472,9,11,0,0,1
25,26,240,500,9,12,0,0,1
25,27,220,486,11,12,0,0,1
25,28,218,500,11,10,0,0,1
25,29,242,553,10,11,0,0,1
25,30,222,525,10,10,0,0,1
25,31,222,547,9,11,0,0,1
25,32,259,607,9,12,0,0,1
25,33,265,635,10,12,0,0,1
25,38,226,615,9,10,0,0,1
25,39,234,460,10,12,0,0,1
25,41,324,842,10,11,0,0,1
25,42,333,862,10,10,0,0,1
25,43,365,867,9,10,0,0,1
25,45,423,964,11,11,0,0,1
25,46,402,962,9,9,0,0,1
25,47,430,981,10,11,0,0,1
25,48,390,942,10,10,0,0,1
25,50,426,872,11,11,0,0,1
25,51,393,875,10,10,0,0,1
25,52,376,842,10,10,0,0,1
25,53,400,828,11,10,0,0,1
25,54,403,821,10,10,0,0,1
25,55,367,834,10,11,0,0,1
25,56,339,784,10,11,0,0,1
25,59,384,778,10,9,0,0,1
25,62,288,655,9,10,0,0,1
25,63,293,639,10,9,0,0,1
25,65,319,588,11,18,0,0,1
25,66,312,551,11,15,0,0,1
25,67,303,515,10,11,0,0,1
25,68,300,507,8,10,0,0,1
25,69,308,544,9,10,0,0,1
25,70,257,533,10,10,0,0,1
25,71,247,487,10,12,0,0,1
25,72,284,417,10,13,0,0,1
25,73,245,400,8,10,0,0,1
25,74,277,347,9,10,0,0,1
25,75,389,13,11,9,0,0,1
25,76,449,34,12,10,0,0,1
25,77,479,46,11,10,0,0,1
25,78,500,47,10,11,0,0,1
25,79,520,58,10,9,0,0,1
25,80,542,64,8,9,0,0,1
25,81,556,66,12,11,0,0,1
25,82,564,75,10,10,0,0,1
25,83,589,76,11,10,0,0,1
25,84,590,83,13,11,0,0,1
25,85,639,99,10,10,0,0,1
25,86,561,57,16,13,0,0,1
25,87,660,109,11,10,0,0,1
25,88,671,118,11,10,0,0,1
25,89,654,94,12,10,0,0,1
25,90,789,167,11,9,0,0,1
25,91,807,175,11,9,0,0,1
25,92,783,149,11,11,0,0,1
25,93,797,153,10,10,0,0,1
25,94,905,213,12,10,0,0,1
25,95,847,177,11,10,0,0,1
25,96,885,192,10,9,0,0,1
25,97,987,263,11,10,0,0,1
25,99,933,241,10,8,0,0,1
25,100,964,243,8,9,0,0,1
25,101,816,291,12,11,0,0,1
25,102,631,321,11,10,0,0,1
25,103,375,189,10,10,0,0,1
25,104,487,673,10,8,0,0,1
25,106,483,731,10,9,0,0,1
25,107,547,848,9,11,0,0,1
25,108,565,881,9,10,0,0,1
25,109,553,852,11,11,0,0,1
25,110,564,885,9,11,0,0,1
25,111,570,890,9,9,0,0,1
25,112,574,895,9,10,0,0,1
25,113,570,898,11,10,0,0,1
25,114,575,905,9,10,0,0,1
25,115,900,875,12,9,0,0,1
25,116,0,697,6,9,0,0,1
25,118,51,740,12,9,0,0,1
25,120,0,408,7,9,0,0,1
25,122,70,459,13,11,0,0,1
25,123,54,437,12,9,0,0,1
25,124,78,437,10,10,0,0,1
25,125,90,366,8,9,0,0,1
25,126,77,451,13,11,0,0,1
25,127,464,34,11,10,0,0,1
25,128,384,756,9,10,0,0,1
25,129,430,941,10,11,0,0,1
25,130,236,44,10,11,0,0,1
25,131,234,22,10,12,0,0,1
25,132,222,28,10,11,0,0,1
25,133,416,959,8,8,0,0,1
25,134,495,760,13,9,0,0,1
25,135,484,972,9,9,0,0,1
25,136,418,19,8,9,0,0,1
25,137,356,0,16,9,0,0,1
30,64,277,609,9,10,0,0,1
30,35,222,639,9,9,0,0,1
30,57,315,729,8,10,0,0,1
30,44,413,951,8,8,0,0,1
30,36,295,711,8,9,0,0,1
30,37,288,706,9,11,0,0,1
30,61,295,676,9,9,0,0,1
30,1,235,96,8,10,0,0,1
30,2,230,104,9,11,0,0,1
30,4,175,83,9,9,0,0,1
30,6,222,145,9,10,0,0,1
30,7,217,153,9,10,0,0,1
30,8,254,29,8,10,0,0,1
30,9,214,194,8,10,0,0,1
30,10,226,232,9,11,0,0,1
30,11,253,71,8,9,0,0,1
30,12,214,270,9,10,0,0,1
30,13,207,282,10,11,0,0,1
30,14,208,315,9,9,0,0,1
30,15,205,337,8,10,0,0,1
30,16,209,372,9,10,0,0,1
30,17,240,181,9,10,0,0,1
30,18,242,219,8,9,0,0,1
30,19,272,194,9,10,0,0,1
30,21,184,292,8,9,0,0,1
30,22,173,367,8,9,0,0,1
30,23,243,284,9,12,0,0,1
30,24,238,278,9,12,0,0,1
30,25,220,484,9,11,0,0,1
30,26,243,514,9,12,0,0,1
30,27,222,497,9,11,0,0,1
30,28,221,510,8,10,0,0,1
30,29,246,567,9,11,0,0,1
30,30,224,536,9,9,0,0,1
30,31,224,558,9,10,0,0,1
30,32,262,621,9,11,0,0,1
30,39,237,475,9,11,0,0,1
30,41,329,852,9,11,0,0,1
30,42,340,874,9,9,0,0,1
30,43,373,880,8,9,0,0,1
30,45,432,976,10,11,0,0,1
30,46,407,970,9,9,0,0,1
30,47,438,993,9,7,0,0,1
30,48,396,952,9,9,0,0,1
30,50,421,862,10,10,0,0,1
30,51,389,864,9,10,0,0,1
30,52,371,830,9,10,0,0,1
30,53,395,817,10,10,0,0,1
30,54,400,815,9,9,0,0,1
30,55,363,824,9,10,0,0,1
30,56,334,772,9,10,0,0,1
30,59,384,771,9,9,0,0,1
30,65,318,581,11,18,0,0,1
30,66,312,544,10,15,0,0,1
30,67,303,505,9,11,0,0,1
30,68,298,497,8,9,0,0,1
30,69,308,534,8,9,0,0,1
30,70,256,520,9,10,0,0,1
30,71,245,473,9,11,0,0,1
30,72,283,407,9,12,0,0,1
30,73,243,388,8,9,0,0,1
30,74,276,337,9,10,0,0,1
30,75,395,16,10,9,0,0,1
30,76,458,37,11,9,0,0,1
30,77,490,51,10,9,0,0,1
30,78,509,52,10,9,0,0,1
30,79,528,62,9,8,0,0,1
30,80,549,68,8,9,0,0,1
30,81,565,71,12,10,0,0,1
30,82,574,80,10,9,0,0,1
30,83,601,82,10,9,0,0,1
30,84,600,88,12,10,0,0,1
30,85,648,105,10,9,0,0,1
30,86,555,55,16,12,0,0,1
30,87,670,115,10,9,0,0,1
30,88,680,122,11,9,0,0,1
30,89,646,91,11,9,0,0,1
30,90,800,172,10,9,0,0,1
30,91,819,180,10,9,0,0,1
30,92,775,146,10,9,0,0,1
30,93,787,149,10,9,0,0,1
30,94,918,220,11,9,0,0,1
30,95,838,174,11,9,0,0,1
30,96,874,190,10,8,0,0,1
30,99,942,245,9,8,0,0,1
30,100,976,249,8,8,0,0,1
30,101,813,291,10,9,0,0,1
30,102,640,325,10,9,0,0,1
30,103,376,182,9,10,0,0,1
30,104,486,673,9,7,0,0,1
30,105,493,681,9,8,0,0,1
30,106,486,735,9,9,0,0,1
30,107,551,854,9,10,0,0,1
30,108,566,883,9,8,0,0,1
30,109,551,845,10,11,0,0,1
30,110,565,887,9,9,0,0,1
30,111,570,890,9,9,0,0,1
30,112,574,895,9,10,0,0,1
30,113,570,898,11,10,0,0,1
30,114,575,905,9,10,0,0,1
30,115,904,874,11,9,0,0,1
30,118,63,741,11,9,0,0,1
30,122,76,462,12,10,0,0,1
30,123,50,436,11,8,0,0,1
30,124,78,439,9,9,0,0,1
30,125,91,367,7,8,0,0,1
30,126,72,450,12,10,0,0,1
30,127,475,39,10,9,0,0,1
30,128,385,752,9,9,0,0,1
30,129,423,929,9,10,0,0,1
30,130,236,61,9,10,0,0,1
30,131,234,36,9,11,0,0,1
30,132,223,40,9,10,0,0,1
30,133,423,972,8,8,0,0,1
30,134,498,761,12,10,0,0,1
30,135,481,965,8,9,0,0,1
30,136,427,23,7,8,0,0,1
30,137,356,0,25,11,0,0,1
30,138,487,38,9,8,0,0,1
35,119,259,776,10,8,0,0,1
35,57,311,717,8,10,0,0,1
35,34,274,677,11,14,0,0,1
35,40,295,769,9,9,0,0,1
35,60,344,720,8,8,0,0,1
35,38,221,632,8,8,0,0,1
35,64,274,597,9,10,0,0,1
35,35,219,645,9,9,0,0,1
35,44,419,963,8,8,0,0,1
35,36,300,724,8,9,0,0,1
35,37,292,717,9,11,0,0,1
35,61,289,660,9,9,0,0,1
35,1,234,112,8,10,0,0,1
35,2,229,119,9,11,0,0,1
35,4,175,88,9,9,0,0,1
35,6,221,158,9,10,0,0,1
35,7,216,163,9,10,0,0,1
35,8,256,14,8,10,0,0,1
35,9,213,203,8,10,0,0,1
35,10,226,248,9,11,0,0,1
35,11,255,55,8,9,0,0,1
35,12,214,280,9,10,0,0,1
35,13,207,290,9,11,0,0,1
35,14,207,324,9,9,0,0,1
35,15,205,345,8,10,0,0,1
35,16,209,381,9,10,0,0,1
35,17,241,165,9,10,0,0,1
35,18,243,205,8,9,0,0,1
35,19,273,182,9,10,0,0,1
35,21,185,286,8,9,0,0,1
35,22,171,372,8,9,0,0,1
35,23,244,276,9,10,0,0,1
35,24,238,261,9,12,0,0,1
35,25,222,493,9,11,0,0,1
35,26,246,530,9,12,0,0,1
35,27,224,508,9,11,0,0,1
35,28,222,519,8,10,0,0,1
35,29,250,580,9,11,0,0,1
35,30,226,544,8,10,0,0,1
35,31,226,568,9,10,0,0,1
35,32,265,632,9,11,0,0,1
35,39,239,489,9,11,0,0,1
35,41,334,860,9,11,0,0,1
35,42,346,884,9,9,0,0,1
35,43,380,894,8,9,0,0,1
35,45,439,989,10,11,0,0,1
35,46,412,978,9,9,0,0,1
35,48,402,960,9,9,0,0,1
35,50,414,849,10,10,0,0,1
35,51,383,854,9,10,0,0,1
35,52,365,817,9,10,0,0,1
35,53,388,805,10,10,0,0,1
35,54,395,807,9,9,0,0,1
35,55,358,814,9,10,0,0,1
35,56,329,761,9,10,0,0,1
35,59,384,764,9,9,0,0,1
35,65,317,574,10,18,0,0,1
35,66,310,537,10,15,0,0,1
35,67,301,494,9,11,0,0,1
35,68,295,487,8,9,0,0,1
35,69,306,523,8,9,0,0,1
35,70,254,507,9,10,0,0,1
35,71,243,455,9,11,0,0,1
35,72,281,398,9,9,0,0,1
35,73,242,374,8,9,0,0,1
35,74,275,327,9,10,0,0,1
35,75,398,18,10,9,0,0,1
35,76,466,40,11,9,0,0,1
35,77,501,55,10,9,0,0,1
35,78,518,56,10,9,0,0,1
35,79,536,65,9,8,0,0,1
35,80,557,71,8,9,0,0,1
35,81,574,75,12,10,0,0,1
35,82,583,83,10,9,0,0,1
35,83,613,87,10,8,0,0,1
35,84,609,91,12,10,0,0,1
35,85,657,109,10,9,0,0,1
35,86,546,52,16,12,0,0,1
35,87,678,117,10,9,0,0,1
35,88,689,126,11,9,0,0,1
35,89,636,87,11,9,0,0,1
35,90,810,176,10,9,0,0,1
35,91,829,184,10,9,0,0,1
35,92,766,142,10,9,0,0,1
35,93,777,144,10,9,0,0,1
35,94,930,224,11,9,0,0,1
35,95,829,170,11,9,0,0,1
35,96,865,184,10,8,0,0,1
35,99,950,248,9,8,0,0,1
35,100,988,253,8,8,0,0,1
35,101,808,289,10,9,0,0,1
35,102,647,328,10,9,0,0,1
35,103,376,176,9,10,0,0,1
35,104,481,671,9,7,0,0,1
35,106,488,740,9,9,0,0,1
35,107,552,857,9,10,0,0,1
35,108,566,883,9,8,0,0,1
35,109,547,840,10,11,0,0,1
35,110,565,887,9,9,0,0,1
35,111,570,890,9,9,0,0,1
35,112,574,895,9,10,0,0,1
35,113,570,898,11,10,0,0,1
35,114,575,905,9,10,0,0,1
35,115,909,873,11,9,0,0,1
35,118,74,742,11,9,0,0,1
35,122,80,463,12,10,0,0,1
35,123,46,434,11,8,0,0,1
35,124,76,441,9,9,0,0,1
35,125,90,368,7,8,0,0,1
35,126,65,448,12,10,0,0,1
35,127,485,44,10,9,0,0,1
35,128,386,748,9,9,0,0,1
35,129,415,917,9,10,0,0,1
35,130,234,78,9,10,0,0,1
35,131,233,48,9,11,0,0,1
35,132,222,50,9,10,0,0,1
35,133,430,983,8,8,0,0,1
35,134,500,761,11,12,0,0,1
35,135,477,957,8,9,0,0,1
35,136,434,26,8,8,0,0,1
35,137,363,0,25,14,0,0,1
35,138,497,41,9,8,0,0,1
35,58,315,717,8,10,0,0,1
40,33,277,673,9,11,0,0,1
40,119,268,783,10,8,0,0,1
40,57,306,703,8,10,0,0,1
40,34,277,686,11,17,0,0,1
40,40,299,779,9,9,0,0,1
40,60,341,711,8,8,0,0,1
40,38,218,638,8,8,0,0,1
40,64,271,585,9,10,0,0,1
40,35,216,652,9,9,0,0,1
40,44,426,974,8,8,0,0,1
40,37,296,729,9,11,0,0,1
40,1,233,128,8,10,0,0,1
40,2,228,133,9,11,0,0,1
40,4,174,94,9,9,0,0,1
40,6,221,171,8,10,0,0,1
40,7,216,171,8,10,0,0,1
40,8,258,1,8,10,0,0,1
40,9,212,211,8,10,0,0,1
40,10,225,263,9,11,0,0,1
40,11,257,39,8,9,0,0,1
40,12,213,290,9,10,0,0,1
40,13,206,300,9,11,0,0,1
40,14,208,333,8,10,0,0,1
40,15,205,355,8,10,0,0,1
40,16,209,392,9,10,0,0,1
40,17,242,150,9,10,0,0,1
40,18,244,193,8,9,0,0,1
40,19,274,171,8,10,0,0,1
40,21,185,281,8,9,0,0,1
40,22,172,378,8,9,0,0,1
40,23,244,263,9,11,0,0,1
40,24,237,246,9,12,0,0,1
40,25,223,504,9,11,0,0,1
40,26,248,544,9,12,0,0,1
40,27,226,519,9,9,0,0,1
40,28,224,529,8,10,0,0,1
40,29,253,596,9,11,0,0,1
40,30,226,553,8,10,0,0,1
40,31,229,577,9,10,0,0,1
40,39,242,504,9,11,0,0,1
40,41,338,869,9,11,0,0,1
40,42,352,895,9,9,0,0,1
40,43,387,907,8,9,0,0,1
40,46,417,986,9,9,0,0,1
40,48,407,969,9,9,0,0,1
40,50,407,837,10,10,0,0,1
40,51,378,845,9,10,0,0,1
40,52,359,806,9,10,0,0,1
40,53,382,793,10,10,0,0,1
40,54,390,799,9,9,0,0,1
40,55,353,804,9,10,0,0,1
40,59,384,757,9,9,0,0,1
40,65,316,567,10,18,0,0,1
40,66,309,530,10,15,0,0,1
40,67,299,484,9,11,0,0,1
40,68,293,477,8,9,0,0,1
40,69,304,511,8,9,0,0,1
40,70,252,494,9,10,0,0,1
40,71,241,439,9,11,0,0,1
40,72,279,385,9,9,0,0,1
40,73,242,362,8,10,0,0,1
40,74,274,316,9,10,0,0,1
40,75,401,20,10,9,0,0,1
40,76,473,43,11,9,0,0,1
40,77,511,59,10,9,0,0,1
40,78,526,59,10,9,0,0,1
40,79,544,68,9,8,0,0,1
40,80,564,73,9,9,0,0,1
40,81,582,78,12,10,0,0,1
40,82,592,87,10,8,0,0,1
40,83,625,92,10,8,0,0,1
40,84,617,94,12,10,0,0,1
40,85,667,113,10,9,0,0,1
40,86,539,48,16,13,0,0,1
40,87,687,121,10,9,0,0,1
40,88,698,130,11,9,0,0,1
40,89,628,84,11,9,0,0,1
40,90,819,181,10,9,0,0,1
40,91,839,189,10,9,0,0,1
40,92,757,138,10,9,0,0,1
40,93,768,140,10,9,0,0,1
40,94,942,230,11,9,0,0,1
40,95,821,167,11,9,0,0,1
40,96,855,180,10,8,0,0,1
40,99,958,253,9,8,0,0,1
40,101,803,287,10,9,0,0,1
40,102,654,332,10,9,0,0,1
40,103,376,170,9,10,0,0,1
40,104,476,669,10,8,0,0,1
40,106,490,744,9,9,0,0,1
40,107,553,861,9,10,0,0,1
40,108,566,883,9,8,0,0,1
40,109,544,833,10,11,0,0,1
40,110,565,887,9,9,0,0,1
40,111,570,890,9,9,0,0,1
40,112,574,895,9,10,0,0,1
40,113,570,898,11,10,0,0,1
40,114,575,905,9,10,0,0,1
40,115,912,872,11,9,0,0,1
40,118,86,744,11,9,0,0,1
40,122,83,464,12,10,0,0,1
40,123,42,432,11,8,0,0,1
40,124,73,441,9,9,0,0,1
40,126,59,446,12,10,0,0,1
40,127,494,46,10,9,0,0,1
40,128,389,742,9,9,0,0,1
40,129,407,904,9,10,0,0,1
40,130,234,94,9,10,0,0,1
40,131,233,62,9,10,0,0,1
40,132,222,62,9,10,0,0,1
40,134,502,763,11,12,0,0,1
40,135,473,950,8,9,0,0,1
40,136,440,29,8,8,0,0,1
40,137,371,2,25,15,0,0,1
40,138,507,46,9,8,0,0,1
40,139,477,984,9,10,0,0,1
40,58,312,703,8,10,0,0,1
45,62,275,608,9,10,0,0,1
45,63,279,593,10,10,0,0,1
45,33,279,681,11,15,0,0,1
45,119,277,788,9,10,0,0,1
45,57,301,689,9,10,0,0,1
45,34,279,696,13,18,0,0,1
45,40,302,788,10,10,0,0,1
45,60,335,700,10,10,0,0,1
45,38,215,644,9,9,0,0,1
45,64,268,572,9,11,0,0,1
45,35,212,658,9,9,0,0,1
45,44,433,986,9,8,0,0,1
45,37,301,742,9,9,0,0,1
45,1,232,143,8,11,0,0,1
45,2,227,147,9,12,0,0,1
45,4,173,98,10,10,0,0,1
45,6,219,185,9,10,0,0,1
45,7,214,180,9,10,0,0,1
45,9,212,220,8,11,0,0,1
45,10,224,277,10,11,0,0,1
45,11,257,21,9,10,0,0,1
45,12,213,300,10,10,0,0,1
45,13,205,308,10,12,0,0,1
45,14,208,342,8,11,0,0,1
45,15,205,365,9,10,0,0,1
45,16,209,403,11,9,0,0,1
45,17,242,134,10,10,0,0,1
45,18,245,178,8,10,0,0,1
45,19,273,158,10,11,0,0,1
45,21,185,274,8,10,0,0,1
45,22,172,382,8,10,0,0,1
45,23,243,251,10,12,0,0,1
45,24,237,231,10,12,0,0,1
45,25,224,515,10,11,0,0,1
45,26,250,560,10,12,0,0,1
45,27,227,529,10,10,0,0,1
45,28,226,538,8,10,0,0,1
45,29,255,609,10,12,0,0,1
45,30,227,562,8,11,0,0,1
45,31,229,585,10,11,0,0,1
45,39,245,519,9,11,0,0,1
45,41,342,877,10,12,0,0,1
45,42,357,907,10,9,0,0,1
45,43,393,922,9,9,0,0,1
45,46,421,993,10,7,0,0,1
45,48,412,977,9,9,0,0,1
45,50,400,825,11,11,0,0,1
45,51,372,834,10,10,0,0,1
45,52,352,793,10,10,0,0,1
45,53,375,780,11,11,0,0,1
45,54,385,789,10,10,0,0,1
45,55,347,793,10,10,0,0,1
45,59,384,750,10,9,0,0,1
45,65,315,560,10,18,0,0,1
45,66,307,523,10,15,0,0,1
45,67,296,472,9,12,0,0,1
45,68,289,465,9,10,0,0,1
45,69,302,501,9,10,0,0,1
45,70,250,478,9,11,0,0,1
45,71,238,422,10,12,0,0,1
45,72,277,371,10,12,0,0,1
45,73,241,348,8,11,0,0,1
45,74,273,305,9,11,0,0,1
45,75,405,23,11,9,0,0,1
45,76,479,46,12,9,0,0,1
45,77,520,62,11,10,0,0,1
45,78,534,62,11,10,0,0,1
45,79,552,70,10,9,0,0,1
45,80,571,76,10,10,0,0,1
45,81,590,81,13,11,0,0,1
45,82,601,89,10,9,0,0,1
45,83,638,97,8,9,0,0,1
45,84,626,97,12,11,0,0,1
45,85,676,116,10,11,0,0,1
45,86,530,44,17,14,0,0,1
45,87,695,124,10,10,0,0,1
45,88,705,134,12,9,0,0,1
45,89,618,78,12,10,0,0,1
45,90,828,185,10,9,0,0,1
45,91,848,194,11,9,0,0,1
45,92,747,134,11,9,0,0,1
45,93,757,135,11,9,0,0,1
45,94,955,233,11,10,0,0,1
45,95,811,162,11,9,0,0,1
45,96,844,175,11,8,0,0,1
45,101,798,284,11,10,0,0,1
45,102,662,334,10,10,0,0,1
45,103,376,164,10,11,0,0,1
45,104,472,667,10,8,0,0,1
45,106,492,749,10,9,0,0,1
45,107,556,863,9,11,0,0,1
45,108,566,882,9,9,0,0,1
45,109,541,828,10,11,0,0,1
45,110,565,886,9,10,0,0,1
45,111,570,890,9,9,0,0,1
45,112,574,895,9,10,0,0,1
45,113,570,898,11,10,0,0,1
45,114,575,905,9,10,0,0,1
45,115,917,871,11,10,0,0,1
45,118,96,743,12,10,0,0,1
45,122,87,465,12,11,0,0,1
45,123,37,430,12,8,0,0,1
45,124,69,441,10,10,0,0,1
45,126,52,442,13,11,0,0,1
45,127,501,50,11,9,0,0,1
45,128,391,738,10,10,0,0,1
45,129,399,890,10,11,0,0,1
45,130,232,111,11,11,0,0,1
45,131,232,75,9,11,0,0,1
45,132,220,72,10,11,0,0,1
45,134,502,765,12,12,0,0,1
45,135,469,941,9,10,0,0,1
45,136,447,31,9,9,0,0,1
45,137,379,5,25,16,0,0,1
45,138,518,50,9,9,0,0,1
45,58,306,692,9,10,0,0,1
45,139,472,976,10,9,0,0,1
45,140,0,729,7,10,0,0,1
50,61,274,612,9,9,0,0,1
50,36,316,765,8,9,0,0,1
50,56,314,723,9,10,0,0,1
50,99,975,260,9,8,0,0,1
50,62,273,596,8,9,0,0,1
50,63,278,583,9,9,0,0,1
50,33,284,693,10,14,0,0,1
50,119,285,797,9,9,0,0,1
50,57,296,675,8,10,0,0,1
50,34,284,708,12,17,0,0,1
50,40,307,799,9,9,0,0,1
50,60,333,691,9,10,0,0,1
50,38,212,651,8,8,0,0,1
50,64,265,561,9,10,0,0,1
50,35,208,663,9,9,0,0,1
50,1,231,160,8,10,0,0,1
50,2,226,163,9,11,0,0,1
50,4,173,103,9,9,0,0,1
50,6,219,198,8,10,0,0,1
50,7,214,189,8,10,0,0,1
50,9,211,230,8,10,0,0,1
50,10,225,293,9,10,0,0,1
50,11,262,6,8,9,0,0,1
50,12,214,311,9,10,0,0,1
50,13,206,317,9,11,0,0,1
50,14,209,352,8,10,0,0,1
50,15,206,374,8,10,0,0,1
50,16,211,412,9,10,0,0,1
50,17,244,120,9,10,0,0,1
50,18,246,166,8,9,0,0,1
50,19,275,148,9,10,0,0,1
50,21,184,270,8,9,0,0,1
50,22,171,388,8,9,0,0,1
50,23,245,240,9,11,0,0,1
50,24,238,216,9,12,0,0,1
50,25,227,525,9,10,0,0,1
50,26,255,575,9,11,0,0,1
50,27,230,540,9,9,0,0,1
50,28,228,549,8,9,0,0,1
50,29,260,625,9,10,0,0,1
50,30,229,571,8,10,0,0,1
50,31,231,596,8,9,0,0,1
50,39,247,533,9,11,0,0,1
50,41,348,887,9,11,0,0,1
50,42,366,917,9,9,0,0,1
50,43,403,934,8,9,0,0,1
50,48,417,986,9,9,0,0,1
50,50,395,813,10,11,0,0,1
50,51,368,823,9,10,0,0,1
50,52,347,781,9,10,0,0,1
50,53,370,770,10,10,0,0,1
50,54,380,781,9,9,0,0,1
50,55,343,782,9,10,0,0,1
50,59,387,744,9,9,0,0,1
50,65,314,553,10,18,0,0,1
50,66,305,516,10,15,0,0,1
50,67,294,461,9,11,0,0,1
50,68,286,456,8,9,0,0,1
50,69,301,490,8,9,0,0,1
50,70,248,466,9,10,0,0,1
50,71,238,407,8,10,0,0,1
50,72,277,360,9,11,0,0,1
50,73,241,336,8,10,0,0,1
50,74,272,294,9,10,0,0,1
50,75,409,26,10,9,0,0,1
50,76,487,49,11,9,0,0,1
50,77,531,66,10,9,0,0,1
50,78,544,65,10,9,0,0,1
50,79,562,74,9,8,0,0,1
50,80,579,80,9,9,0,0,1
50,81,599,85,12,10,0,0,1
50,82,610,94,10,8,0,0,1
50,83,649,102,8,8,0,0,1
50,84,638,102,9,9,0,0,1
50,85,686,121,9,9,0,0,1
50,86,523,42,16,13,0,0,1
50,87,704,129,10,9,0,0,1
50,88,715,137,11,9,0,0,1
50,89,611,76,11,9,0,0,1
50,90,839,190,10,9,0,0,1
50,91,860,199,10,9,0,0,1
50,92,739,131,10,9,0,0,1
50,93,748,131,10,9,0,0,1
50,94,967,240,11,9,0,0,1
50,95,803,159,11,9,0,0,1
50,96,836,171,10,8,0,0,1
50,101,794,283,10,9,0,0,1
50,102,670,339,10,9,0,0,1
50,103,378,158,9,10,0,0,1
50,104,469,664,10,8,0,0,1
50,106,496,754,9,9,0,0,1
50,107,558,867,9,10,0,0,1
50,108,566,883,9,8,0,0,1
50,109,538,821,10,11,0,0,1
50,110,565,887,9,9,0,0,1
50,111,570,890,9,9,0,0,1
50,112,574,895,9,10,0,0,1
50,113,570,898,11,10,0,0,1
50,114,575,905,9,10,0,0,1
50,115,921,871,11,9,0,0,1
50,118,108,746,11,9,0,0,1
50,122,90,467,12,10,0,0,1
50,123,35,429,11,8,0,0,1
50,124,68,442,9,9,0,0,1
50,126,46,440,12,10,0,0,1
50,127,511,54,10,8,0,0,1
50,128,395,735,9,9,0,0,1
50,129,392,878,9,10,0,0,1
50,130,232,128,9,10,0,0,1
50,131,232,88,9,10,0,0,1
50,132,221,82,9,10,0,0,1
50,134,504,767,11,12,0,0,1
50,135,466,935,8,9,0,0,1
50,136,457,36,8,8,0,0,1
50,137,388,9,24,15,0,0,1
50,138,529,55,9,8,0,0,1
50,58,303,679,8,9,0,0,1
50,139,467,967,9,9,0,0,1
50,140,4,731,12,10,0,0,1
55,32,278,678,9,11,0,0,1
55,61,269,596,9,9,0,0,1
55,36,322,777,8,9,0,0,1
55,56,309,710,9,10,0,0,1
55,99,983,264,9,8,0,0,1
55,62,270,584,8,9,0,0,1
55,63,275,572,9,8,0,0,1
55,33,287,705,10,14,0,0,1
55,119,293,806,9,9,0,0,1
55,57,292,660,8,10,0,0,1
55,34,288,719,12,17,0,0,1
55,40,311,809,9,9,0,0,1
55,60,330,680,9,10,0,0,1
55,38,208,658,8,8,0,0,1
55,64,262,549,9,10,0,0,1
55,35,203,668,9,9,0,0,1
55,1,231,174,8,10,0,0,1
55,2,226,177,9,11,0,0,1
55,4,174,108,9,9,0,0,1
55,6,219,210,8,10,0,0,1
55,7,214,198,8,10,0,0,1
55,9,211,239,8,10,0,0,1
55,10,224,309,9,10,0,0,1
55,12,214,322,9,10,0,0,1
55,13,206,327,9,11,0,0,1
55,14,209,362,8,10,0,0,1
55,15,206,384,8,10,0,0,1
55,16,212,422,9,10,0,0,1
55,17,246,104,9,10,0,0,1
55,18,247,154,8,9,0,0,1
55,19,276,137,9,10,0,0,1
55,21,185,264,8,9,0,0,1
55,22,171,393,8,9,0,0,1
55,23,245,229,9,11,0,0,1
55,24,239,200,9,12,0,0,1
55,25,229,536,9,10,0,0,1
55,26,259,590,8,11,0,0,1
55,27,232,552,9,9,0,0,1
55,28,231,559,8,9,0,0,1
55,29,262,637,9,10,0,0,1
55,30,230,579,8,10,0,0,1
55,31,232,605,8,9,0,0,1
55,39,250,548,9,11,0,0,1
55,41,354,897,9,11,0,0,1
55,42,373,929,9,9,0,0,1
55,43,411,947,8,9,0,0,1
55,48,422,995,9,5,0,0,1
55,50,388,801,10,11,0,0,1
55,51,363,813,9,10,0,0,1
55,52,341,768,9,10,0,0,1
55,53,364,759,10,10,0,0,1
55,54,376,772,9,9,0,0,1
55,55,338,771,9,10,0,0,1
55,59,390,740,9,9,0,0,1
55,65,314,547,10,17,0,0,1
55,66,303,509,10,15,0,0,1
55,67,292,450,9,11,0,0,1
55,68,284,446,8,9,0,0,1
55,69,298,479,8,9,0,0,1
55,70,246,453,9,10,0,0,1
55,71,238,392,8,8,0,0,1
55,72,275,349,9,11,0,0,1
55,73,241,324,8,10,0,0,1
55,74,271,285,9,10,0,0,1
55,75,413,29,10,9,0,0,1
55,76,495,51,11,9,0,0,1
55,77,541,70,10,9,0,0,1
55,78,553,69,10,9,0,0,1
55,79,568,77,9,8,0,0,1
55,80,587,82,9,9,0,0,1
55,81,607,90,12,10,0,0,1
55,82,620,97,10,8,0,0,1
55,83,660,108,8,8,0,0,1
55,84,644,104,11,11,0,0,1
55,85,695,125,9,9,0,0,1
55,86,516,38,16,13,0,0,1
55,87,713,132,10,9,0,0,1
55,88,724,141,11,9,0,0,1
55,89,602,72,11,9,0,0,1
55,90,848,194,9,8,0,0,1
55,91,871,204,10,8,0,0,1
55,92,730,126,10,9,0,0,1
55,93,737,127,10,9,0,0,1
55,94,979,245,11,9,0,0,1
55,95,794,154,11,9,0,0,1
55,96,827,166,10,8,0,0,1
55,101,789,281,10,9,0,0,1
55,102,677,342,10,9,0,0,1
55,103,380,153,9,10,0,0,1
55,104,466,662,10,8,0,0,1
55,106,498,759,9,9,0,0,1
55,107,559,869,9,10,0,0,1
55,108,566,883,9,8,0,0,1
55,109,535,815,10,11,0,0,1
55,110,565,887,9,9,0,0,1
55,111,570,890,9,9,0,0,1
55,112,574,895,9,10,0,0,1
55,113,570,898,11,10,0,0,1
55,114,575,905,9,10,0,0,1
55,115,926,871,11,9,0,0,1
55,118,119,747,11,9,0,0,1
55,122,93,468,12,10,0,0,1
55,123,30,426,11,8,0,0,1
55,124,64,441,9,9,0,0,1
55,126,41,438,12,10,0,0,1
55,127,520,57,9,8,0,0,1
55,128,401,730,8,8,0,0,1
55,129,385,865,9,10,0,0,1
55,130,231,146,9,10,0,0,1
55,131,230,101,9,10,0,0,1
55,132,220,94,9,10,0,0,1
55,134,506,770,11,12,0,0,1
55,135,462,928,8,9,0,0,1
55,136,463,38,8,8,0,0,1
55,137,395,12,24,15,0,0,1
55,138,538,60,9,8,0,0,1
55,58,298,669,8,9,0,0,1
55,139,461,956,9,9,0,0,1
55,140,14,732,12,10,0,0,1
55,37,310,763,9,11,0,0,1
55,141,225,0,9,13,0,0,1
55,142,88,633,9,9,0,0,1
55,143,409,6,8,8,0,0,1
60,32,282,689,9,11,0,0,1
60,61,265,581,9,9,0,0,1
60,36,327,791,8,9,0,0,1
60,56,305,697,9,10,0,0,1
60,99,990,267,9,8,0,0,1
60,62,268,573,8,9,0,0,1
60,63,273,560,9,8,0,0,1
60,33,292,716,10,14,0,0,1
60,119,299,814,9,9,0,0,1
60,34,292,730,12,17,0,0,1
60,40,315,820,9,9,0,0,1
60,60,328,670,9,10,0,0,1
60,38,203,663,9,9,0,0,1
60,64,260,537,9,10,0,0,1
60,35,199,674,9,9,0,0,1
60,1,230,191,8,10,0,0,1
60,2,226,192,9,11,0,0,1
60,4,174,111,9,9,0,0,1
60,6,218,223,8,10,0,0,1
60,7,213,208,8,10,0,0,1
60,9,210,249,8,10,0,0,1
60,10,225,322,9,10,0,0,1
60,12,214,332,9,10,0,0,1
60,13,206,336,9,11,0,0,1
60,14,210,372,8,10,0,0,1
60,16,213,432,9,10,0,0,1
60,17,247,89,9,10,0,0,1
60,18,249,141,8,9,0,0,1
60,19,276,126,9,10,0,0,1
60,21,185,260,8,9,0,0,1
60,22,170,397,8,9,0,0,1
60,23,246,218,9,11,0,0,1
60,24,240,184,9,12,0,0,1
60,25,231,547,9,10,0,0,1
60,26,262,606,9,11,0,0,1
60,27,235,563,9,9,0,0,1
60,28,232,568,8,9,0,0,1
60,30,230,587,8,10,0,0,1
60,31,230,613,9,9,0,0,1
60,39,253,563,9,11,0,0,1
60,41,359,907,9,10,0,0,1
60,42,379,940,9,9,0,0,1
60,43,418,960,8,9,0,0,1
60,50,382,789,10,11,0,0,1
60,51,358,803,9,10,0,0,1
60,52,337,757,8,9,0,0,1
60,54,370,762,10,10,0,0,1
60,55,333,760,9,10,0,0,1
60,59,395,735,9,9,0,0,1
60,65,313,540,10,17,0,0,1
60,66,302,502,10,15,0,0,1
60,67,289,439,9,11,0,0,1
60,68,281,435,8,9,0,0,1
60,69,297,469,8,9,0,0,1
60,70,245,439,9,10,0,0,1
60,71,235,373,9,11,0,0,1
60,72,273,337,9,11,0,0,1
60,73,240,311,9,11,0,0,1
60,74,271,274,9,10,0,0,1
60,75,419,31,10,9,0,0,1
60,76,502,55,11,9,0,0,1
60,77,552,74,10,9,0,0,1
60,78,562,72,10,9,0,0,1
60,79,577,81,9,8,0,0,1
60,80,595,86,9,9,0,0,1
60,81,615,93,12,10,0,0,1
60,82,630,101,10,8,0,0,1
60,83,671,112,9,9,0,0,1
60,84,653,108,11,10,0,0,1
60,85,704,128,9,9,0,0,1
60,86,509,35,16,13,0,0,1
60,87,722,136,10,9,0,0,1
60,88,732,145,11,9,0,0,1
60,89,594,68,11,9,0,0,1
60,90,859,199,10,8,0,0,1
60,91,881,208,10,8,0,0,1
60,92,721,123,10,9,0,0,1
60,93,727,120,10,9,0,0,1
60,94,992,250,8,10,0,0,1
60,95,784,151,11,9,0,0,1
60,96,817,162,10,8,0,0,1
60,101,785,279,10,9,0,0,1
60,102,686,346,10,9,0,0,1
60,103,383,148,9,10,0,0,1
60,104,462,657,9,9,0,0,1
60,106,501,765,9,9,0,0,1
60,107,560,871,9,10,0,0,1
60,108,566,883,9,8,0,0,1
60,109,532,809,10,11,0,0,1
60,110,565,887,9,9,0,0,1
60,111,570,890,9,9,0,0,1
60,112,574,895,9,10,0,0,1
60,113,570,898,11,10,0,0,1
60,114,575,905,9,10,0,0,1
60,115,929,870,11,9,0,0,1
60,118,130,747,11,9,0,0,1
60,122,96,469,12,10,0,0,1
60,123,28,424,9,9,0,0,1
60,124,62,440,9,9,0,0,1
60,126,35,436,12,10,0,0,1
60,127,529,60,9,8,0,0,1
60,129,378,853,9,10,0,0,1
60,130,231,162,9,10,0,0,1
60,131,230,115,9,10,0,0,1
60,132,220,104,9,10,0,0,1
60,134,508,772,11,12,0,0,1
60,135,458,920,8,9,0,0,1
60,136,471,41,8,8,0,0,1
60,137,404,16,24,15,0,0,1
60,138,548,64,9,8,0,0,1
60,58,294,655,8,9,0,0,1
60,139,457,947,9,9,0,0,1
60,140,24,734,12,10,0,0,1
60,37,315,775,9,11,0,0,1
60,141,225,9,9,16,0,0,1
60,142,88,634,9,9,0,0,1
60,143,417,8,8,8,0,0,1
60,144,247,557,8,9,0,0,1
60,145,292,2,9,10,0,0,1
65,15,207,405,8,9,0,0,1
65,32,286,701,9,11,0,0,1
65,61,261,564,9,9,0,0,1
65,36,334,804,8,9,0,0,1
65,56,301,686,9,10,0,0,1
65,62,265,560,8,9,0,0,1
65,63,270,548,9,8,0,0,1
65,33,296,728,10,14,0,0,1
65,119,305,823,9,9,0,0,1
65,40,320,830,9,9,0,0,1
65,60,326,661,9,10,0,0,1
65,38,198,669,9,9,0,0,1
65,64,257,524,9,10,0,0,1
65,35,194,678,9,9,0,0,1
65,1,229,207,8,10,0,0,1
65,2,225,206,9,11,0,0,1
65,4,173,114,9,9,0,0,1
65,6,218,237,8,10,0,0,1
65,7,212,216,8,10,0,0,1
65,9,210,258,8,10,0,0,1
65,10,225,337,9,10,0,0,1
65,12,215,342,9,10,0,0,1
65,13,206,345,9,11,0,0,1
65,14,210,382,8,10,0,0,1
65,16,214,442,9,10,0,0,1
65,17,249,74,9,10,0,0,1
65,18,250,128,8,9,0,0,1
65,19,277,115,9,10,0,0,1
65,21,185,255,8,9,0,0,1
65,22,171,403,8,9,0,0,1
65,23,247,207,9,11,0,0,1
65,24,241,169,9,12,0,0,1
65,25,234,557,9,10,0,0,1
65,26,266,621,9,11,0,0,1
65,27,238,574,9,9,0,0,1
65,28,234,579,8,9,0,0,1
65,30,231,597,8,10,0,0,1
65,31,230,620,9,9,0,0,1
65,39,256,578,9,11,0,0,1
65,41,365,916,9,10,0,0,1
65,42,386,951,9,9,0,0,1
65,43,426,972,8,9,0,0,1
65,50,375,778,10,11,0,0,1
65,51,354,792,9,10,0,0,1
65,54,365,753,10,10,0,0,1
65,55,328,751,9,8,0,0,1
65,65,312,533,10,17,0,0,1
65,66,300,495,10,15,0,0,1
65,67,287,429,9,11,0,0,1
65,68,279,423,8,9,0,0,1
65,69,295,456,8,9,0,0,1
65,70,243,426,9,10,0,0,1
65,71,234,357,9,11,0,0,1
65,72,272,325,9,11,0,0,1
65,73,240,298,9,11,0,0,1
65,74,270,264,9,10,0,0,1
65,75,424,33,10,9,0,0,1
65,76,510,58,11,9,0,0,1
65,77,561,78,10,9,0,0,1
65,78,570,76,10,9,0,0,1
65,79,585,84,9,8,0,0,1
65,80,603,89,9,9,0,0,1
65,81,624,97,12,10,0,0,1
65,82,639,104,10,8,0,0,1
65,83,682,117,9,9,0,0,1
65,84,662,112,11,10,0,0,1
65,85,712,132,9,9,0,0,1
65,86,501,32,16,13,0,0,1
65,87,731,140,10,9,0,0,1
65,88,741,148,9,9,0,0,1
65,89,585,65,11,9,0,0,1
65,90,870,203,10,8,0,0,1
65,91,892,212,10,8,0,0,1
65,92,712,119,10,8,0,0,1
65,93,717,117,10,9,0,0,1
65,95,776,147,11,9,0,0,1
65,96,808,157,10,8,0,0,1
65,101,781,277,10,9,0,0,1
65,102,693,350,10,9,0,0,1
65,103,385,143,9,10,0,0,1
65,104,459,652,9,9,0,0,1
65,106,503,771,9,9,0,0,1
65,107,561,873,9,9,0,0,1
65,108,566,883,9,8,0,0,1
65,109,528,802,10,11,0,0,1
65,110,565,887,9,9,0,0,1
65,111,570,890,9,9,0,0,1
65,112,574,895,9,10,0,0,1
65,113,570,898,11,10,0,0,1
65,114,575,905,9,10,0,0,1
65,115,933,870,11,9,0,0,1
65,118,141,748,11,9,0,0,1
65,122,98,469,12,10,0,0,1
65,123,24,422,9,9,0,0,1
65,124,58,439,9,9,0,0,1
65,126,29,432,12,10,0,0,1
65,127,537,64,9,8,0,0,1
65,129,371,840,9,10,0,0,1
65,130,230,180,8,10,0,0,1
65,131,230,128,8,11,0,0,1
65,132,219,114,9,10,0,0,1
65,134,509,775,11,12,0,0,1
65,135,453,914,8,9,0,0,1
65,136,479,44,8,8,0,0,1
65,137,413,19,24,15,0,0,1
65,138,557,68,9,8,0,0,1
65,139,452,939,9,9,0,0,1
65,140,34,737,12,9,0,0,1
65,37,320,786,9,11,0,0,1
65,141,224,20,9,16,0,0,1
65,142,89,635,9,9,0,0,1
65,143,427,13,8,8,0,0,1
65,144,249,567,8,9,0,0,1
65,145,293,1,9,10,0,0,1
65,146,482,966,8,8,0,0,1
65,147,114,456,12,9,0,0,1
65,148,0,731,9,8,0,0,1
65,149,30,677,11,9,0,0,1
65,150,57,669,9,8,0,0,1
70,29,276,680,9,10,0,0,1
70,53,346,724,9,9,0,0,1
70,34,303,759,11,11,0,0,1
70,15,207,414,8,9,0,0,1
70,32,290,711,9,11,0,0,1
70,61,258,549,8,9,0,0,1
70,36,341,818,8,9,0,0,1
70,56,296,672,9,10,0,0,1
70,62,262,549,8,9,0,0,1
70,63,267,536,9,8,0,0,1
70,33,301,740,10,11,0,0,1
70,119,311,833,9,9,0,0,1
70,40,325,840,9,9,0,0,1
70,60,325,650,9,10,0,0,1
70,38,191,675,9,9,0,0,1
70,64,255,511,9,10,0,0,1
70,35,190,682,9,9,0,0,1
70,1,229,222,8,10,0,0,1
70,2,224,221,9,11,0,0,1
70,4,173,116,9,9,0,0,1
70,6,218,250,8,10,0,0,1
70,7,212,226,8,10,0,0,1
70,9,209,267,9,10,0,0,1
70,10,226,352,9,10,0,0,1
70,12,214,352,9,10,0,0,1
70,13,206,354,9,11,0,0,1
70,16,216,453,9,10,0,0,1
70,17,250,59,9,10,0,0,1
70,18,251,115,8,9,0,0,1
70,19,278,105,9,10,0,0,1
70,21,185,250,8,9,0,0,1
70,22,171,408,8,9,0,0,1
70,23,248,196,9,11,0,0,1
70,24,242,153,9,12,0,0,1
70,25,236,568,9,10,0,0,1
70,26,270,635,9,10,0,0,1
70,27,240,585,9,9,0,0,1
70,28,237,589,8,9,0,0,1
70,30,231,605,8,10,0,0,1
70,39,259,592,9,11,0,0,1
70,41,370,926,9,10,0,0,1
70,42,393,963,9,9,0,0,1
70,50,369,766,10,11,0,0,1
70,51,350,782,9,10,0,0,1
70,65,311,526,10,17,0,0,1
70,66,298,488,10,15,0,0,1
70,67,285,416,9,11,0,0,1
70,68,278,415,8,9,0,0,1
70,69,293,446,8,9,0,0,1
70,70,241,412,9,10,0,0,1
70,71,234,341,9,11,0,0,1
70,72,272,314,9,11,0,0,1
70,73,240,286,9,11,0,0,1
70,74,271,254,8,10,0,0,1
70,75,430,36,10,9,0,0,1
70,76,518,61,11,9,0,0,1
70,77,570,81,10,9,0,0,1
70,78,579,79,10,9,0,0,1
70,79,593,88,9,8,0,0,1
70,80,611,92,9,9,0,0,1
70,81,631,101,10,8,0,0,1
70,82,649,109,10,8,0,0,1
70,83,693,123,9,9,0,0,1
70,84,671,116,11,10,0,0,1
70,85,721,136,9,9,0,0,1
70,86,494,29,16,13,0,0,1
70,87,740,144,10,9,0,0,1
70,88,751,152,9,9,0,0,1
70,89,577,61,11,9,0,0,1
70,90,880,208,10,8,0,0,1
70,91,903,217,10,8,0,0,1
70,92,702,116,10,8,0,0,1
70,93,706,112,10,9,0,0,1
70,95,768,143,11,9,0,0,1
70,96,798,154,10,8,0,0,1
70,101,776,276,10,9,0,0,1
70,102,702,354,10,9,0,0,1
70,103,388,139,9,10,0,0,1
70,104,457,648,9,9,0,0,1
70,106,506,775,9,9,0,0,1
70,107,562,874,9,9,0,0,1
70,108,566,883,9,8,0,0,1
70,109,525,796,10,11,0,0,1
70,110,565,887,9,9,0,0,1
70,111,570,890,9,9,0,0,1
70,112,574,895,9,10,0,0,1
70,113,570,898,11,10,0,0,1
70,114,575,905,9,10,0,0,1
70,115,936,869,11,9,0,0,1
70,118,153,749,11,9,0,0,1
70,122,100,469,12,10,0,0,1
70,123,20,419,9,9,0,0,1
70,124,54,438,9,8,0,0,1
70,126,24,430,12,10,0,0,1
70,127,546,67,9,8,0,0,1
70,129,364,827,9,10,0,0,1
70,130,229,196,8,10,0,0,1
70,131,229,142,8,11,0,0,1
70,132,219,124,9,10,0,0,1
70,134,511,778,11,12,0,0,1
70,135,450,906,8,9,0,0,1
70,136,487,47,8,8,0,0,1
70,137,420,22,24,15,0,0,1
70,138,567,72,9,8,0,0,1
70,139,446,930,9,9,0,0,1
70,140,44,739,12,9,0,0,1
70,37,326,798,9,11,0,0,1
70,141,224,31,9,16,0,0,1
70,142,90,635,9,9,0,0,1
70,143,437,18,8,8,0,0,1
70,144,253,581,8,9,0,0,1
70,145,295,0,9,9,0,0,1
70,146,477,957,8,8,0,0,1
70,147,109,455,10,9,0,0,1
70,148,9,733,10,8,0,0,1
70,149,18,678,11,9,0,0,1
70,150,47,670,10,8,0,0,1
70,151,444,977,7,8,0,0,1
70,152,623,100,9,8,0,0,1
75,57,275,604,9,11,0,0,1
75,128,419,719,9,9,0,0,1
75,52,320,717,10,11,0,0,1
75,14,212,403,8,9,0,0,1
75,31,223,636,11,10,0,0,1
75,55,319,728,9,8,0,0,1
75,29,280,694,9,10,0,0,1
75,53,343,713,9,10,0,0,1
75,34,306,764,12,17,0,0,1
75,15,209,424,8,9,0,0,1
75,32,294,723,9,11,0,0,1
75,61,255,532,8,9,0,0,1
75,36,347,831,8,9,0,0,1
75,56,292,660,9,10,0,0,1
75,62,260,536,8,9,0,0,1
75,63,266,525,9,8,0,0,1
75,119,316,843,9,9,0,0,1
75,40,330,850,9,9,0,0,1
75,60,323,640,9,10,0,0,1
75,38,188,679,9,9,0,0,1
75,64,254,500,8,9,0,0,1
75,35,183,687,9,9,0,0,1
75,1,227,237,9,11,0,0,1
75,2,223,235,9,12,0,0,1
75,4,172,118,11,10,0,0,1
75,6,218,263,8,10,0,0,1
75,7,210,234,9,11,0,0,1
75,9,208,275,9,11,0,0,1
75,10,227,366,9,11,0,0,1
75,12,214,362,10,11,0,0,1
75,13,205,365,10,11,0,0,1
75,16,217,464,9,10,0,0,1
75,17,251,43,10,10,0,0,1
75,18,253,102,9,8,0,0,1
75,19,278,93,10,11,0,0,1
75,21,183,245,9,9,0,0,1
75,22,171,414,8,8,0,0,1
75,23,247,184,10,12,0,0,1
75,24,242,138,10,12,0,0,1
75,25,239,580,9,10,0,0,1
75,27,242,597,9,9,0,0,1
75,28,239,599,8,9,0,0,1
75,30,230,614,8,10,0,0,1
75,39,263,606,9,11,0,0,1
75,41,375,935,9,10,0,0,1
75,42,401,974,9,9,0,0,1
75,50,363,755,10,11,0,0,1
75,51,346,773,9,10,0,0,1
75,65,310,518,10,17,0,0,1
75,66,297,481,10,15,0,0,1
75,67,283,405,9,11,0,0,1
75,68,275,401,8,9,0,0,1
75,69,290,435,8,9,0,0,1
75,71,232,324,11,12,0,0,1
75,72,269,301,10,12,0,0,1
75,73,241,274,8,11,0,0,1
75,74,271,242,9,11,0,0,1
75,75,435,38,10,9,0,0,1
75,76,526,64,11,9,0,0,1
75,77,580,84,10,9,0,0,1
75,78,588,82,10,9,0,0,1
75,79,601,90,9,8,0,0,1
75,80,619,95,9,9,0,0,1
75,81,642,106,11,9,0,0,1
75,82,659,112,10,8,0,0,1
75,83,703,127,9,9,0,0,1
75,84,679,118,11,10,0,0,1
75,85,730,140,10,9,0,0,1
75,86,487,26,16,13,0,0,1
75,87,750,148,9,9,0,0,1
75,88,758,156,9,9,0,0,1
75,89,569,58,11,9,0,0,1
75,90,890,213,10,8,0,0,1
75,91,912,222,10,8,0,0,1
75,92,694,112,10,8,0,0,1
75,93,696,109,10,9,0,0,1
75,96,789,150,10,8,0,0,1
75,101,771,274,11,9,0,0,1
75,102,710,358,10,9,0,0,1
75,103,391,136,9,10,0,0,1
75,104,455,643,9,10,0,0,1
75,106,510,782,9,9,0,0,1
75,107,561,874,10,9,0,0,1
75,108,566,882,9,9,0,0,1
75,109,521,790,10,11,0,0,1
75,110,565,886,9,10,0,0,1
75,111,570,890,9,9,0,0,1
75,112,574,895,9,10,0,0,1
75,113,570,898,11,10,0,0,1
75,114,575,905,9,10,0,0,1
75,115,938,869,11,9,0,0,1
75,118,163,750,11,9,0,0,1
75,122,101,470,12,10,0,0,1
75,123,16,417,9,9,0,0,1
75,124,49,436,9,8,0,0,1
75,126,18,427,12,10,0,0,1
75,127,555,71,9,8,0,0,1
75,129,358,813,9,10,0,0,1
75,130,228,213,9,10,0,0,1
75,131,227,155,10,11,0,0,1
75,132,218,134,9,10,0,0,1
75,134,512,780,11,12,0,0,1
75,135,446,899,8,9,0,0,1
75,136,495,49,8,8,0,0,1
75,137,429,26,24,15,0,0,1
75,138,576,76,9,8,0,0,1
75,139,441,919,9,9,0,0,1
75,140,54,740,12,9,0,0,1
75,37,331,809,10,11,0,0,1
75,141,222,42,10,17,0,0,1
75,142,92,636,9,8,0,0,1
75,143,445,21,8,8,0,0,1
75,144,255,591,8,9,0,0,1
75,145,296,0,10,8,0,0,1
75,146,473,950,8,8,0,0,1
75,147,100,453,11,9,0,0,1
75,148,20,735,10,8,0,0,1
75,149,7,680,10,9,0,0,1
75,150,36,672,10,8,0,0,1
75,151,438,966,7,8,0,0,1
75,153,238,9,9,12,0,0,1
75,154,236,6,8,11,0,0,1
75,155,226,9,8,9,0,0,1
75,156,392,0,11,7,0,0,1
75,157,358,0,12,6,0,0,1
75,158,993,245,7,10,0,0,1
80,58,278,605,8,9,0,0,1
80,70,240,384,9,10,0,0,1
80,26,280,669,9,10,0,0,1
80,33,310,762,11,14,0,0,1
80,57,271,591,9,11,0,0,1
80,128,424,718,8,8,0,0,1
80,52,316,704,9,11,0,0,1
80,14,213,413,9,11,0,0,1
80,31,222,644,9,9,0,0,1
80,55,316,717,9,10,0,0,1
80,29,284,707,9,10,0,0,1
80,53,338,701,9,10,0,0,1
80,34,311,775,12,17,0,0,1
80,15,209,434,8,9,0,0,1
80,32,298,734,9,11,0,0,1
80,61,252,516,8,9,0,0,1
80,36,353,845,9,9,0,0,1
80,62,258,524,8,9,0,0,1
80,63,263,514,9,8,0,0,1
80,119,323,852,9,9,0,0,1
80,40,335,861,9,9,0,0,1
80,60,322,630,9,10,0,0,1
80,38,181,684,9,9,0,0,1
80,64,252,488,8,9,0,0,1
80,35,180,690,9,9,0,0,1
80,1,227,254,8,10,0,0,1
80,2,223,250,8,11,0,0,1
80,4,173,122,9,9,0,0,1
80,6,218,277,8,10,0,0,1
80,7,210,244,9,10,0,0,1
80,9,208,286,9,10,0,0,1
80,10,228,383,9,10,0,0,1
80,12,215,373,9,10,0,0,1
80,13,206,374,9,11,0,0,1
80,16,220,475,9,10,0,0,1
80,17,254,29,9,9,0,0,1
80,18,254,89,9,8,0,0,1
80,19,279,84,9,10,0,0,1
80,21,183,240,9,9,0,0,1
80,22,170,419,8,8,0,0,1
80,23,249,173,9,11,0,0,1
80,24,245,122,9,12,0,0,1
80,25,241,591,9,10,0,0,1
80,27,246,609,9,9,0,0,1
80,28,242,609,8,9,0,0,1
80,39,267,621,9,11,0,0,1
80,41,380,943,10,11,0,0,1
80,42,408,985,9,9,0,0,1
80,50,357,743,9,10,0,0,1
80,51,343,763,9,10,0,0,1
80,65,310,518,10,17,0,0,1
80,66,295,474,10,15,0,0,1
80,69,289,424,8,9,0,0,1
80,71,233,308,9,11,0,0,1
80,72,270,290,9,11,0,0,1
80,73,241,261,8,10,0,0,1
80,74,271,232,9,10,0,0,1
80,75,441,41,10,9,0,0,1
80,76,534,67,11,9,0,0,1
80,77,589,87,10,9,0,0,1
80,78,598,85,10,9,0,0,1
80,79,610,94,9,8,0,0,1
80,80,627,99,10,9,0,0,1
80,81,648,109,13,10,0,0,1
80,82,668,116,10,8,0,0,1
80,83,713,132,9,9,0,0,1
80,84,688,122,11,10,0,0,1
80,85,739,143,10,9,0,0,1
80,86,480,23,16,13,0,0,1
80,87,758,152,9,9,0,0,1
80,88,766,159,9,9,0,0,1
80,89,561,55,11,9,0,0,1
80,90,900,217,10,9,0,0,1
80,91,922,226,10,9,0,0,1
80,92,684,108,10,8,0,0,1
80,93,685,104,10,9,0,0,1
80,96,780,145,10,8,0,0,1
80,101,767,272,11,9,0,0,1
80,102,719,361,10,9,0,0,1
80,103,394,133,11,10,0,0,1
80,104,453,638,9,10,0,0,1
80,106,513,788,9,9,0,0,1
80,107,562,876,9,9,0,0,1
80,108,566,882,9,9,0,0,1
80,109,519,783,10,11,0,0,1
80,110,565,886,9,10,0,0,1
80,111,570,890,9,9,0,0,1
80,112,574,895,9,10,0,0,1
80,113,570,898,11,10,0,0,1
80,114,575,905,9,10,0,0,1
80,115,941,869,11,9,0,0,1
80,118,174,751,11,9,0,0,1
80,122,103,471,12,10,0,0,1
80,123,13,416,9,9,0,0,1
80,124,45,435,9,8,0,0,1
80,126,13,424,12,10,0,0,1
80,127,564,75,9,8,0,0,1
80,129,351,799,10,11,0,0,1
80,130,228,229,9,11,0,0,1
80,131,227,170,9,10,0,0,1
80,132,217,145,9,10,0,0,1
80,134,514,783,11,12,0,0,1
80,135,442,891,8,9,0,0,1
80,136,502,51,8,8,0,0,1
80,137,437,29,25,16,0,0,1
80,138,585,80,9,8,0,0,1
80,139,436,909,9,9,0,0,1
80,140,65,742,12,9,0,0,1
80,37,336,820,10,11,0,0,1
80,141,222,54,9,16,0,0,1
80,142,95,636,9,8,0,0,1
80,143,455,25,8,8,0,0,1
80,144,258,604,8,9,0,0,1
80,145,299,0,9,7,0,0,1
80,146,469,943,8,8,0,0,1
80,147,95,452,11,9,0,0,1
80,148,30,737,10,8,0,0,1
80,149,0,681,7,9,0,0,1
80,150,25,674,10,8,0,0,1
80,151,429,952,10,11,0,0,1
80,153,239,26,8,11,0,0,1
80,154,235,21,8,10,0,0,1
80,155,225,23,8,8,0,0,1
80,156,403,2,10,9,0,0,1
80,157,358,0,15,7,0,0,1
80,158,984,241,10,10,0,0,1
80,159,454,987,9,10,0,0,1
80,160,478,992,9,8,0,0,1
80,161,5,733,9,8,0,0,1
85,59,418,722,10,9,0,0,1
85,54,347,716,8,10,0,0,1
85,95,743,133,11,9,0,0,1
85,68,270,381,9,9,0,0,1
85,67,279,381,9,10,0,0,1
85,58,277,592,8,9,0,0,1
85,70,239,369,9,10,0,0,1
85,26,284,682,10,11,0,0,1
85,33,314,773,11,14,0,0,1
85,57,269,577,9,11,0,0,1
85,128,429,716,8,8,0,0,1
85,52,311,692,9,11,0,0,1
85,14,214,423,9,11,0,0,1
85,31,217,652,9,9,0,0,1
85,55,311,706,9,10,0,0,1
85,29,289,720,9,10,0,0,1
85,53,334,690,9,10,0,0,1
85,34,315,785,12,17,0,0,1
85,15,209,444,8,9,0,0,1
85,61,249,500,8,9,0,0,1
85,36,361,858,9,9,0,0,1
85,62,256,512,8,9,0,0,1
85,63,262,503,9,8,0,0,1
85,119,328,862,9,9,0,0,1
85,40,339,869,9,10,0,0,1
85,60,321,620,9,10,0,0,1
85,38,174,690,9,9,0,0,1
85,64,250,476,8,9,0,0,1
85,35,173,694,9,9,0,0,1
85,1,226,269,8,10,0,0,1
85,2,223,265,8,11,0,0,1
85,4,172,126,9,9,0,0,1
85,6,218,291,8,10,0,0,1
85,7,209,254,9,10,0,0,1
85,9,208,295,9,10,0,0,1
85,12,216,383,9,10,0,0,1
85,13,206,383,9,11,0,0,1
85,16,221,485,9,10,0,0,1
85,17,256,13,9,9,0,0,1
85,18,256,76,9,8,0,0,1
85,19,279,75,9,10,0,0,1
85,21,184,236,9,9,0,0,1
85,22,170,424,8,8,0,0,1
85,23,249,162,9,11,0,0,1
85,24,246,106,9,12,0,0,1
85,25,244,602,9,11,0,0,1
85,27,249,620,9,9,0,0,1
85,28,243,620,8,9,0,0,1
85,41,385,953,10,11,0,0,1
85,65,307,504,10,17,0,0,1
85,66,293,467,10,15,0,0,1
85,69,287,412,8,9,0,0,1
85,71,233,292,9,11,0,0,1
85,72,269,278,9,11,0,0,1
85,73,242,249,8,10,0,0,1
85,74,272,222,9,10,0,0,1
85,75,448,44,10,9,0,0,1
85,76,542,70,11,9,0,0,1
85,77,598,91,10,9,0,0,1
85,78,607,89,10,9,0,0,1
85,79,618,97,9,8,0,0,1
85,80,637,102,9,9,0,0,1
85,81,657,113,13,10,0,0,1
85,82,678,119,9,9,0,0,1
85,83,723,137,11,9,0,0,1
85,84,696,126,12,10,0,0,1
85,86,472,20,17,13,0,0,1
85,87,765,156,11,9,0,0,1
85,88,774,164,10,9,0,0,1
85,89,552,51,11,9,0,0,1
85,90,910,221,10,9,0,0,1
85,91,934,230,10,9,0,0,1
85,92,675,104,10,8,0,0,1
85,93,675,100,10,8,0,0,1
85,96,771,142,10,8,0,0,1
85,101,762,270,11,9,0,0,1
85,102,728,365,10,9,0,0,1
85,103,398,131,11,10,0,0,1
85,104,452,633,9,10,0,0,1
85,106,515,794,9,9,0,0,1
85,107,561,876,10,9,0,0,1
85,108,567,884,9,8,0,0,1
85,109,515,777,10,11,0,0,1
85,110,565,888,9,9,0,0,1
85,111,571,891,9,9,0,0,1
85,112,575,897,9,9,0,0,1
85,113,571,899,10,10,0,0,1
85,114,576,907,9,9,0,0,1
85,115,942,869,11,9,0,0,1
85,118,185,752,11,9,0,0,1
85,122,104,471,12,9,0,0,1
85,123,9,413,9,9,0,0,1
85,124,41,432,9,8,0,0,1
85,126,7,421,12,10,0,0,1
85,127,573,78,9,8,0,0,1
85,129,344,785,10,11,0,0,1
85,130,227,245,9,11,0,0,1
85,131,226,184,9,10,0,0,1
85,132,217,155,9,10,0,0,1
85,134,515,787,11,12,0,0,1
85,135,438,884,8,9,0,0,1
85,137,446,33,24,14,0,0,1
85,138,595,84,9,8,0,0,1
85,139,431,901,9,9,0,0,1
85,140,75,744,12,9,0,0,1
85,37,343,832,10,11,0,0,1
85,141,222,65,9,16,0,0,1
85,142,98,635,9,8,0,0,1
85,143,464,29,8,8,0,0,1
85,144,261,614,8,9,0,0,1
85,145,301,0,9,5,0,0,1
85,146,465,936,8,8,0,0,1
85,147,88,451,11,8,0,0,1
85,148,40,739,10,8,0,0,1
85,150,15,675,10,8,0,0,1
85,151,421,937,10,11,0,0,1
85,153,238,42,8,11,0,0,1
85,154,235,35,8,10,0,0,1
85,155,224,36,8,8,0,0,1
85,156,413,6,10,9,0,0,1
85,157,358,0,19,8,0,0,1
85,158,973,236,10,10,0,0,1
85,159,447,976,9,10,0,0,1
85,160,471,980,9,9,0,0,1
85,161,14,735,9,8,0,0,1
85,162,494,989,10,10,0,0,1
90,30,223,638,8,9,0,0,1
90,10,231,413,9,10,0,0,1
90,32,308,758,9,10,0,0,1
90,59,424,720,9,9,0,0,1
90,54,344,709,8,10,0,0,1
90,95,734,129,11,9,0,0,1
90,68,269,370,9,9,0,0,1
90,67,278,369,9,10,0,0,1
90,58,274,580,8,9,0,0,1
90,70,238,356,9,10,0,0,1
90,26,289,697,10,11,0,0,1
90,33,319,784,11,14,0,0,1
90,57,265,564,9,11,0,0,1
90,128,435,715,8,8,0,0,1
90,52,306,678,9,11,0,0,1
90,14,215,434,9,11,0,0,1
90,31,213,658,10,10,0,0,1
90,55,308,695,9,10,0,0,1
90,29,294,733,9,10,0,0,1
90,53,331,678,9,10,0,0,1
90,34,321,797,12,17,0,0,1
90,15,211,455,8,9,0,0,1
90,61,246,483,8,9,0,0,1
90,36,368,870,9,9,0,0,1
90,62,254,500,8,9,0,0,1
90,63,259,490,9,8,0,0,1
90,119,334,872,9,9,0,0,1
90,40,345,879,9,10,0,0,1
90,60,319,608,10,12,0,0,1
90,38,168,692,9,9,0,0,1
90,64,248,462,8,9,0,0,1
90,35,166,697,9,9,0,0,1
90,1,226,286,8,10,0,0,1
90,2,222,280,9,11,0,0,1
90,4,173,129,9,9,0,0,1
90,6,218,302,8,10,0,0,1
90,7,209,263,9,10,0,0,1
90,9,208,304,9,10,0,0,1
90,12,219,395,9,9,0,0,1
90,13,206,395,9,9,0,0,1
90,16,222,496,9,10,0,0,1
90,17,258,0,9,7,0,0,1
90,18,258,63,9,8,0,0,1
90,19,281,65,9,10,0,0,1
90,21,184,229,9,9,0,0,1
90,22,168,429,8,8,0,0,1
90,23,251,150,9,11,0,0,1
90,24,249,90,9,12,0,0,1
90,25,246,613,9,11,0,0,1
90,27,252,632,9,9,0,0,1
90,28,248,630,8,9,0,0,1
90,41,390,962,10,11,0,0,1
90,65,306,497,10,17,0,0,1
90,66,291,459,10,15,0,0,1
90,69,286,401,8,9,0,0,1
90,71,233,275,9,11,0,0,1
90,72,269,267,9,11,0,0,1
90,73,242,237,8,10,0,0,1
90,74,272,212,9,10,0,0,1
90,75,455,47,10,9,0,0,1
90,76,550,73,11,9,0,0,1
90,77,607,94,10,9,0,0,1
90,78,616,93,10,8,0,0,1
90,79,626,101,9,8,0,0,1
90,80,645,106,9,8,0,0,1
90,81,665,117,14,10,0,0,1
90,82,688,123,9,9,0,0,1
90,83,733,143,10,9,0,0,1
90,84,705,130,12,10,0,0,1
90,86,465,17,17,13,0,0,1
90,87,773,160,11,9,0,0,1
90,88,782,167,10,9,0,0,1
90,89,545,48,11,9,0,0,1
90,90,920,226,10,9,0,0,1
90,91,944,234,10,9,0,0,1
90,92,667,100,10,9,0,0,1
90,93,664,95,10,8,0,0,1
90,101,758,269,11,9,0,0,1
90,102,737,369,10,9,0,0,1
90,103,403,130,11,10,0,0,1
90,104,450,628,9,10,0,0,1
90,106,519,800,9,9,0,0,1
90,107,561,876,10,9,0,0,1
90,108,567,884,9,8,0,0,1
90,109,514,771,10,11,0,0,1
90,110,565,888,9,9,0,0,1
90,111,571,891,9,9,0,0,1
90,112,575,897,9,9,0,0,1
90,113,571,899,10,10,0,0,1
90,114,576,907,9,9,0,0,1
90,115,945,869,11,9,0,0,1
90,118,196,754,11,9,0,0,1
90,122,104,471,12,9,0,0,1
90,123,6,411,9,9,0,0,1
90,124,35,430,9,8,0,0,1
90,126,3,418,12,10,0,0,1
90,127,582,82,9,8,0,0,1
90,129,338,772,10,11,0,0,1
90,130,226,262,9,11,0,0,1
90,131,226,198,9,10,0,0,1
90,132,216,166,9,10,0,0,1
90,134,517,790,11,12,0,0,1
90,135,435,877,8,9,0,0,1
90,137,454,36,24,14,0,0,1
90,138,603,88,9,8,0,0,1
90,139,426,891,9,9,0,0,1
90,140,85,745,12,9,0,0,1
90,37,349,844,10,11,0,0,1
90,141,222,75,9,16,0,0,1
90,142,102,634,9,8,0,0,1
90,143,474,33,8,8,0,0,1
90,144,265,627,8,9,0,0,1
90,146,462,928,8,8,0,0,1
90,147,82,449,11,8,0,0,1
90,148,50,740,10,8,0,0,1
90,150,1,676,10,8,0,0,1
90,151,413,925,10,11,0,0,1
90,153,237,58,8,11,0,0,1
90,154,234,48,8,10,0,0,1
90,155,224,48,8,8,0,0,1
90,156,423,11,10,9,0,0,1
90,157,364,0,17,10,0,0,1
90,158,963,232,10,10,0,0,1
90,159,441,964,9,10,0,0,1
90,160,465,967,9,9,0,0,1
90,161,25,737,9,8,0,0,1
90,162,489,980,10,10,0,0,1
90,163,490,990,10,10,0,0,1
90,164,230,0,9,8,0,0,1
95,56,277,609,9,11,0,0,1
95,50,342,710,9,11,0,0,1
95,85,764,154,10,10,0,0,1
95,96,751,132,10,9,0,0,1
95,30,219,645,9,10,0,0,1
95,10,232,428,9,11,0,0,1
95,32,312,769,10,10,0,0,1
95,59,427,718,10,9,0,0,1
95,54,340,700,9,10,0,0,1
95,95,726,124,11,10,0,0,1
95,68,265,358,10,10,0,0,1
95,67,277,356,9,11,0,0,1
95,58,270,566,9,10,0,0,1
95,70,237,342,10,10,0,0,1
95,26,293,712,11,11,0,0,1
95,33,325,796,12,14,0,0,1
95,57,263,548,9,12,0,0,1
95,128,439,714,8,8,0,0,1
95,52,301,664,10,12,0,0,1
95,14,215,444,10,11,0,0,1
95,31,208,664,10,11,0,0,1
95,55,303,685,10,10,0,0,1
95,53,328,667,9,10,0,0,1
95,34,325,806,13,18,0,0,1
95,15,213,463,8,10,0,0,1
95,61,245,467,8,9,0,0,1
95,36,375,884,10,9,0,0,1
95,62,251,487,9,10,0,0,1
95,63,256,477,10,9,0,0,1
95,119,339,881,10,10,0,0,1
95,40,351,888,9,10,0,0,1
95,60,317,598,11,12,0,0,1
95,38,160,696,10,9,0,0,1
95,64,246,450,9,10,0,0,1
95,35,160,700,10,9,0,0,1
95,1,227,301,8,10,0,0,1
95,2,222,293,9,12,0,0,1
95,4,172,131,9,10,0,0,1
95,6,218,317,9,11,0,0,1
95,7,208,273,9,10,0,0,1
95,9,206,315,10,10,0,0,1
95,12,218,405,11,10,0,0,1
95,13,206,404,9,10,0,0,1
95,16,223,506,11,11,0,0,1
95,18,259,48,9,9,0,0,1
95,19,280,54,10,11,0,0,1
95,21,183,226,10,9,0,0,1
95,22,166,433,8,9,0,0,1
95,23,251,138,10,12,0,0,1
95,24,250,74,9,12,0,0,1
95,25,250,624,9,10,0,0,1
95,27,255,644,9,9,0,0,1
95,28,250,640,8,10,0,0,1
95,41,395,972,11,11,0,0,1
95,65,305,488,10,18,0,0,1
95,66,288,451,11,16,0,0,1
95,71,232,259,11,12,0,0,1
95,72,268,254,10,12,0,0,1
95,73,242,223,9,11,0,0,1
95,74,273,201,9,11,0,0,1
95,75,460,50,11,9,0,0,1
95,76,557,76,12,10,0,0,1
95,77,615,97,10,9,0,0,1
95,78,624,95,10,9,0,0,1
95,80,652,108,9,9,0,0,1
95,81,672,119,15,11,0,0,1
95,82,696,125,10,10,0,0,1
95,83,742,148,11,9,0,0,1
95,84,713,132,12,11,0,0,1
95,86,458,13,18,14,0,0,1
95,87,782,163,11,10,0,0,1
95,88,789,171,11,9,0,0,1
95,89,537,44,11,10,0,0,1
95,90,930,229,10,10,0,0,1
95,91,955,238,10,10,0,0,1
95,92,657,95,10,10,0,0,1
95,93,653,91,10,9,0,0,1
95,101,754,266,11,10,0,0,1
95,102,746,372,10,10,0,0,1
95,103,407,129,11,10,0,0,1
95,104,447,622,10,11,0,0,1
95,106,521,806,10,10,0,0,1
95,107,562,876,10,9,0,0,1
95,108,566,884,10,8,0,0,1
95,109,510,765,11,11,0,0,1
95,110,565,888,9,9,0,0,1
95,111,570,890,10,10,0,0,1
95,112,575,896,9,10,0,0,1
95,113,570,899,11,10,0,0,1
95,114,576,907,10,9,0,0,1
95,115,945,868,12,10,0,0,1
95,118,206,756,12,9,0,0,1
95,122,105,470,13,10,0,0,1
95,123,2,410,10,10,0,0,1
95,124,30,427,10,9,0,0,1
95,126,0,416,10,10,0,0,1
95,127,589,85,10,9,0,0,1
95,129,333,760,9,9,0,0,1
95,130,227,277,9,12,0,0,1
95,131,226,212,9,10,0,0,1
95,132,215,176,10,10,0,0,1
95,134,519,793,11,12,0,0,1
95,135,430,870,9,9,0,0,1
95,137,462,38,25,16,0,0,1
95,138,611,91,9,9,0,0,1
95,139,421,882,9,10,0,0,1
95,140,93,746,14,9,0,0,1
95,37,356,854,10,12,0,0,1
95,141,220,85,10,17,0,0,1
95,142,106,631,9,9,0,0,1
95,143,481,36,9,9,0,0,1
95,146,458,921,8,8,0,0,1
95,147,76,446,11,9,0,0,1
95,148,59,742,11,8,0,0,1
95,151,405,913,11,11,0,0,1
95,153,236,72,9,12,0,0,1
95,154,232,61,9,11,0,0,1
95,155,222,60,9,9,0,0,1
95,156,432,14,11,10,0,0,1
95,157,367,0,18,12,0,0,1
95,158,950,227,11,11,0,0,1
95,159,433,953,10,10,0,0,1
95,160,458,955,9,10,0,0,1
95,161,33,737,11,9,0,0,1
95,162,483,969,11,11,0,0,1
95,163,484,979,10,10,0,0,1
95,164,228,13,11,10,0,0,1
95,165,294,3,11,9,0,0,1
