15,15,220.0,450.0,6.0,10.0,1,-1,-1,-1
15,16,228.0,616.0,10.0,10.0,1,-1,-1,-1
15,17,440.0,26.0,6.0,10.0,1,-1,-1,-1
15,18,992.0,262.0,7.0,10.0,1,-1,-1,-1
15,19,88.0,454.0,14.0,10.0,1,-1,-1,-1
15,20,362.0,756.0,12.0,12.0,1,-1,-1,-1
20,20,358.0,748.0,10.0,10.0,1,-1,-1,-1
15,21,616.0,90.0,10.0,10.0,1,-1,-1,-1
20,21,626.0,94.0,10.0,10.0,1,-1,-1,-1
15,22,274.0,16.0,12.0,10.0,1,-1,-1,-1
20,22,274.0,6.0,10.0,10.0,1,-1,-1,-1
25,22,274.0,0.0,10.0,8.0,1,-1,-1,-1
15,23,248.0,114.0,10.0,8.0,1,-1,-1,-1
25,23,250.0,86.0,10.0,10.0,1,-1,-1,-1
15,24,260.0,612.0,10.0,14.0,1,-1,-1,-1
20,24,262.0,624.0,11.0,14.0,1,-1,-1,-1
25,24,264.0,636.0,10.0,10.0,1,-1,-1,-1
15,25,224.0,602.0,10.0,10.0,1,-1,-1,-1
20,25,224.0,608.0,10.0,10.0,1,-1,-1,-1
25,25,224.0,614.0,10.0,10.0,1,-1,-1,-1
15,26,296.0,678.0,10.0,10.0,1,-1,-1,-1
25,26,288.0,654.0,10.0,10.0,1,-1,-1,-1
25,27,292.0,638.0,10.0,10.0,1,-1,-1,-1
25,28,242.0,400.0,10.0,8.0,1,-1,-1,-1
15,29,968.0,252.0,10.0,10.0,1,-1,-1,-1
20,29,976.0,258.0,12.0,10.0,1,-1,-1,-1
25,29,986.0,262.0,12.0,10.0,1,-1,-1,-1
15,30,562.0,876.0,10.0,10.0,1,-1,-1,-1
20,30,562.0,876.0,12.0,12.0,1,-1,-1,-1
25,30,564.0,878.0,10.0,10.0,1,-1,-1,-1
15,31,16.0,698.0,10.0,10.0,1,-1,-1,-1
20,31,6.0,698.0,10.0,8.0,1,-1,-1,-1
25,31,0.0,696.0,6.0,10.0,1,-1,-1,-1
15,32,2.0,412.0,10.0,8.0,1,-1,-1,-1
20,32,0.0,409.0,10.0,9.0,1,-1,-1,-1
25,32,0.0,408.0,8.0,8.0,1,-1,-1,-1
15,33,384.0,766.0,8.0,10.0,1,-1,-1,-1
20,33,384.0,760.0,8.0,10.0,1,-1,-1,-1
25,33,384.0,756.0,8.0,10.0,1,-1,-1,-1
15,34,416.0,958.0,10.0,12.0,1,-1,-1,-1
20,34,424.0,970.0,8.0,10.0,1,-1,-1,-1
25,34,430.0,980.0,10.0,12.0,1,-1,-1,-1
30,34,436.0,992.0,10.0,7.0,1,-1,-1,-1
15,35,384.0,766.0,8.0,10.0,1,-1,-1,-1
20,35,386.0,784.0,10.0,10.0,1,-1,-1,-1
30,35,394.0,816.0,10.0,10.0,1,-1,-1,-1
20,36,94.0,228.0,10.0,10.0,1,-1,-1,-1
25,36,94.0,232.0,10.0,12.0,1,-1,-1,-1
30,36,94.0,238.0,10.0,12.0,1,-1,-1,-1
15,37,248.0,74.0,8.0,12.0,1,-1,-1,-1
20,37,250.0,60.0,8.0,10.0,1,-1,-1,-1
25,37,252.0,44.0,8.0,10.0,1,-1,-1,-1
30,37,254.0,28.0,8.0,10.0,1,-1,-1,-1
35,37,256.0,12.0,8.0,12.0,1,-1,-1,-1
15,38,254.0,586.0,8.0,10.0,1,-1,-1,-1
20,38,256.0,596.0,8.0,12.0,1,-1,-1,-1
25,38,258.0,608.0,10.0,10.0,1,-1,-1,-1
30,38,260.0,620.0,10.0,10.0,1,-1,-1,-1
35,38,264.0,630.0,10.0,12.0,1,-1,-1,-1
15,39,406.0,936.0,10.0,12.0,1,-1,-1,-1
20,39,414.0,950.0,10.0,10.0,1,-1,-1,-1
25,39,422.0,962.0,10.0,12.0,1,-1,-1,-1
30,39,430.0,976.0,10.0,10.0,1,-1,-1,-1
35,39,440.0,988.0,8.0,10.0,1,-1,-1,-1
15,40,940.0,232.0,8.0,10.0,1,-1,-1,-1
20,40,950.0,238.0,10.0,8.0,1,-1,-1,-1
25,40,962.0,242.0,10.0,10.0,1,-1,-1,-1
30,40,974.0,248.0,10.0,7.0,1,-1,-1,-1
35,40,986.0,252.0,10.0,10.0,1,-1,-1,-1
15,41,390.0,944.0,10.0,10.0,1,-1,-1,-1
20,41,396.0,952.0,10.0,10.0,1,-1,-1,-1
25,41,414.0,958.0,10.0,10.0,1,-1,-1,-1
30,41,422.0,970.0,10.0,10.0,1,-1,-1,-1
35,41,428.0,982.0,10.0,10.0,1,-1,-1,-1
15,42,800.0,156.0,10.0,10.0,1,-1,-1,-1
30,42,774.0,144.0,10.0,10.0,1,-1,-1,-1
35,42,766.0,140.0,10.0,10.0,1,-1,-1,-1
15,43,312.0,720.0,8.0,10.0,1,-1,-1,-1
20,43,306.0,704.0,8.0,10.0,1,-1,-1,-1
25,43,300.0,690.0,8.0,8.0,1,-1,-1,-1
30,43,294.0,674.0,8.0,10.0,1,-1,-1,-1
35,43,288.0,660.0,10.0,8.0,1,-1,-1,-1
15,44,784.0,164.0,12.0,8.0,1,-1,-1,-1
20,44,780.0,162.0,10.0,10.0,1,-1,-1,-1
35,44,768.0,160.0,8.0,8.0,1,-1,-1,-1
15,45,388.0,864.0,10.0,12.0,1,-1,-1,-1
20,45,382.0,852.0,10.0,12.0,1,-1,-1,-1
35,45,364.0,816.0,10.0,12.0,1,-1,-1,-1
40,45,358.0,804.0,10.0,12.0,1,-1,-1,-1
20,46,94.0,228.0,10.0,10.0,1,-1,-1,-1
35,46,94.0,244.0,10.0,10.0,1,-1,-1,-1
40,46,94.0,248.0,10.0,10.0,1,-1,-1,-1
25,47,400.0,960.0,12.0,10.0,1,-1,-1,-1
30,47,406.0,968.0,10.0,10.0,1,-1,-1,-1
35,47,410.0,976.0,12.0,10.0,1,-1,-1,-1
40,47,416.0,986.0,10.0,9.0,1,-1,-1,-1
45,47,420.0,992.0,10.0,7.0,1,-1,-1,-1
25,48,376.0,840.0,10.0,12.0,1,-1,-1,-1
30,48,370.0,828.0,10.0,12.0,1,-1,-1,-1
45,48,352.0,792.0,10.0,10.0,1,-1,-1,-1
15,49,384.0,766.0,8.0,10.0,1,-1,-1,-1
30,49,385.0,750.0,9.0,10.0,1,-1,-1,-1
35,49,386.0,746.0,10.0,10.0,1,-1,-1,-1
40,49,390.0,744.0,10.0,8.0,1,-1,-1,-1
45,49,392.0,736.0,10.0,12.0,1,-1,-1,-1
50,49,394.0,734.0,10.0,10.0,1,-1,-1,-1
15,50,228.0,446.0,8.0,8.0,1,-1,-1,-1
20,50,230.0,458.0,8.0,8.0,1,-1,-1,-1
25,50,230.0,470.0,10.0,8.0,1,-1,-1,-1
35,50,236.0,496.0,8.0,8.0,1,-1,-1,-1
40,50,236.0,508.0,10.0,10.0,1,-1,-1,-1
50,50,246.0,532.0,8.0,12.0,1,-1,-1,-1
25,51,260.0,594.0,10.0,10.0,1,-1,-1,-1
40,51,270.0,584.0,10.0,10.0,1,-1,-1,-1
50,51,276.0,582.0,10.0,8.0,1,-1,-1,-1
15,52,236.0,48.0,8.0,10.0,1,-1,-1,-1
20,52,234.0,64.0,10.0,10.0,1,-1,-1,-1
25,52,234.0,80.0,10.0,10.0,1,-1,-1,-1
30,52,232.0,96.0,10.0,10.0,1,-1,-1,-1
35,52,232.0,110.0,10.0,12.0,1,-1,-1,-1
40,52,232.0,126.0,8.0,12.0,1,-1,-1,-1
45,52,230.0,142.0,10.0,10.0,1,-1,-1,-1
50,52,230.0,158.0,10.0,10.0,1,-1,-1,-1
55,52,230.0,174.0,8.0,10.0,1,-1,-1,-1
15,53,380.0,924.0,10.0,10.0,1,-1,-1,-1
20,53,384.0,932.0,10.0,10.0,1,-1,-1,-1
25,53,390.0,942.0,10.0,8.0,1,-1,-1,-1
30,53,396.0,950.0,8.0,10.0,1,-1,-1,-1
35,53,400.0,958.0,10.0,10.0,1,-1,-1,-1
45,53,410.0,976.0,10.0,10.0,1,-1,-1,-1
50,53,416.0,984.0,10.0,11.0,1,-1,-1,-1
55,53,420.0,994.0,12.0,4.0,1,-1,-1,-1
15,54,334.0,764.0,10.0,10.0,1,-1,-1,-1
30,54,314.0,728.0,10.0,8.0,1,-1,-1,-1
40,54,304.0,702.0,10.0,10.0,1,-1,-1,-1
45,54,300.0,688.0,10.0,10.0,1,-1,-1,-1
50,54,294.0,674.0,10.0,10.0,1,-1,-1,-1
55,54,290.0,660.0,10.0,10.0,1,-1,-1,-1
15,55,176.0,68.0,8.0,10.0,1,-1,-1,-1
20,55,176.0,72.0,8.0,10.0,1,-1,-1,-1
25,55,174.0,78.0,10.0,8.0,1,-1,-1,-1
30,55,174.0,82.0,10.0,10.0,1,-1,-1,-1
35,55,174.0,88.0,10.0,10.0,1,-1,-1,-1
40,55,174.0,94.0,8.0,8.0,1,-1,-1,-1
45,55,174.0,98.0,8.0,10.0,1,-1,-1,-1
50,55,174.0,104.0,8.0,8.0,1,-1,-1,-1
55,55,174.0,106.0,8.0,10.0,1,-1,-1,-1
60,55,174.0,110.0,8.0,10.0,1,-1,-1,-1
15,56,390.0,792.0,10.0,10.0,1,-1,-1,-1
25,56,384.0,776.0,10.0,10.0,1,-1,-1,-1
30,56,382.0,770.0,10.0,10.0,1,-1,-1,-1
35,56,382.0,762.0,10.0,10.0,1,-1,-1,-1
40,56,384.0,756.0,8.0,10.0,1,-1,-1,-1
45,56,384.0,748.0,10.0,12.0,1,-1,-1,-1
50,56,386.0,744.0,10.0,10.0,1,-1,-1,-1
55,56,390.0,738.0,10.0,10.0,1,-1,-1,-1
60,56,394.0,734.0,10.0,10.0,1,-1,-1,-1
15,57,770.0,158.0,12.0,10.0,1,-1,-1,-1
25,57,788.0,166.0,12.0,10.0,1,-1,-1,-1
30,57,798.0,170.0,12.0,10.0,1,-1,-1,-1
35,57,808.0,174.0,12.0,10.0,1,-1,-1,-1
40,57,818.0,180.0,10.0,8.0,1,-1,-1,-1
45,57,828.0,184.0,10.0,10.0,1,-1,-1,-1
50,57,838.0,188.0,10.0,10.0,1,-1,-1,-1
55,57,848.0,192.0,10.0,10.0,1,-1,-1,-1
60,57,858.0,198.0,10.0,8.0,1,-1,-1,-1
15,58,880.0,202.0,12.0,10.0,1,-1,-1,-1
20,58,892.0,208.0,12.0,10.0,1,-1,-1,-1
25,58,904.0,212.0,10.0,10.0,1,-1,-1,-1
30,58,916.0,220.0,12.0,8.0,1,-1,-1,-1
35,58,928.0,222.0,12.0,10.0,1,-1,-1,-1
40,58,942.0,228.0,10.0,10.0,1,-1,-1,-1
45,58,954.0,232.0,12.0,12.0,1,-1,-1,-1
50,58,966.0,238.0,12.0,10.0,1,-1,-1,-1
55,58,978.0,244.0,12.0,10.0,1,-1,-1,-1
60,58,990.0,248.0,8.0,12.0,1,-1,-1,-1
15,59,914.0,230.0,10.0,10.0,1,-1,-1,-1
20,59,922.0,234.0,12.0,10.0,1,-1,-1,-1
25,59,932.0,238.0,10.0,10.0,1,-1,-1,-1
30,59,940.0,242.0,10.0,10.0,1,-1,-1,-1
35,59,950.0,248.0,8.0,7.0,1,-1,-1,-1
40,59,956.0,252.0,10.0,8.0,1,-1,-1,-1
50,59,974.0,258.0,10.0,10.0,1,-1,-1,-1
55,59,982.0,262.0,10.0,10.0,1,-1,-1,-1
60,59,988.0,266.0,10.0,8.0,1,-1,-1,-1
50,60,302.0,680.0,8.0,8.0,1,-1,-1,-1
55,60,296.0,667.0,10.0,9.0,1,-1,-1,-1
60,60,292.0,654.0,10.0,10.0,1,-1,-1,-1
15,61,350.0,840.0,10.0,8.0,1,-1,-1,-1
20,61,358.0,852.0,8.0,10.0,1,-1,-1,-1
25,61,364.0,866.0,10.0,10.0,1,-1,-1,-1
30,61,372.0,880.0,8.0,8.0,1,-1,-1,-1
35,61,380.0,894.0,8.0,8.0,1,-1,-1,-1
40,61,386.0,906.0,10.0,10.0,1,-1,-1,-1
45,61,394.0,920.0,8.0,8.0,1,-1,-1,-1
50,61,402.0,932.0,8.0,10.0,1,-1,-1,-1
55,61,410.0,946.0,8.0,8.0,1,-1,-1,-1
60,61,416.0,958.0,10.0,10.0,1,-1,-1,-1
65,61,426.0,972.0,8.0,8.0,1,-1,-1,-1
15,62,542.0,838.0,10.0,10.0,1,-1,-1,-1
20,62,544.0,844.0,10.0,10.0,1,-1,-1,-1
25,62,546.0,848.0,10.0,10.0,1,-1,-1,-1
30,62,550.0,852.0,10.0,10.0,1,-1,-1,-1
35,62,552.0,856.0,10.0,10.0,1,-1,-1,-1
45,62,554.0,864.0,12.0,10.0,1,-1,-1,-1
50,62,556.0,866.0,10.0,10.0,1,-1,-1,-1
55,62,558.0,868.0,10.0,10.0,1,-1,-1,-1
60,62,558.0,870.0,10.0,10.0,1,-1,-1,-1
70,62,560.0,872.0,10.0,10.0,1,-1,-1,-1
15,63,190.0,552.0,10.0,10.0,1,-1,-1,-1
20,63,190.0,548.0,10.0,10.0,1,-1,-1,-1
25,63,192.0,544.0,8.0,8.0,1,-1,-1,-1
30,63,192.0,539.0,8.0,9.0,1,-1,-1,-1
35,63,192.0,534.0,8.0,10.0,1,-1,-1,-1
40,63,190.0,530.0,10.0,8.0,1,-1,-1,-1
45,63,190.0,526.0,8.0,8.0,1,-1,-1,-1
50,63,188.0,522.0,10.0,8.0,1,-1,-1,-1
55,63,188.0,518.0,8.0,10.0,1,-1,-1,-1
60,63,186.0,516.0,10.0,10.0,1,-1,-1,-1
65,63,186.0,512.0,10.0,10.0,1,-1,-1,-1
70,63,186.0,510.0,10.0,10.0,1,-1,-1,-1
50,64,802.0,176.0,8.0,8.0,1,-1,-1,-1
55,64,812.0,182.0,10.0,8.0,1,-1,-1,-1
60,64,822.0,188.0,10.0,8.0,1,-1,-1,-1
70,64,844.0,198.0,10.0,8.0,1,-1,-1,-1
15,65,350.0,808.0,10.0,10.0,1,-1,-1,-1
20,65,344.0,796.0,10.0,10.0,1,-1,-1,-1
25,65,338.0,784.0,10.0,10.0,1,-1,-1,-1
30,65,334.0,770.0,10.0,12.0,1,-1,-1,-1
35,65,328.0,760.0,10.0,10.0,1,-1,-1,-1
50,65,314.0,722.0,8.0,10.0,1,-1,-1,-1
55,65,308.0,708.0,10.0,12.0,1,-1,-1,-1
60,65,304.0,696.0,10.0,10.0,1,-1,-1,-1
70,65,294.0,672.0,10.0,10.0,1,-1,-1,-1
75,65,290.0,660.0,10.0,10.0,1,-1,-1,-1
15,66,404.0,14.0,8.0,8.0,1,-1,-1,-1
25,66,418.0,18.0,8.0,10.0,1,-1,-1,-1
30,66,426.0,22.0,8.0,8.0,1,-1,-1,-1
35,66,432.0,26.0,10.0,8.0,1,-1,-1,-1
40,66,440.0,28.0,8.0,8.0,1,-1,-1,-1
45,66,446.0,30.0,10.0,10.0,1,-1,-1,-1
50,66,454.0,34.0,10.0,8.0,1,-1,-1,-1
55,66,462.0,38.0,10.0,8.0,1,-1,-1,-1
60,66,470.0,40.0,8.0,8.0,1,-1,-1,-1
65,66,478.0,42.0,8.0,10.0,1,-1,-1,-1
70,66,484.0,46.0,10.0,8.0,1,-1,-1,-1
75,66,494.0,48.0,8.0,8.0,1,-1,-1,-1
15,67,330.0,834.0,8.0,8.0,1,-1,-1,-1
25,67,342.0,858.0,8.0,10.0,1,-1,-1,-1
35,67,356.0,884.0,8.0,10.0,1,-1,-1,-1
40,67,362.0,896.0,10.0,10.0,1,-1,-1,-1
45,67,370.0,910.0,10.0,10.0,1,-1,-1,-1
50,67,378.0,924.0,10.0,8.0,1,-1,-1,-1
55,67,386.0,936.0,10.0,8.0,1,-1,-1,-1
60,67,394.0,948.0,10.0,10.0,1,-1,-1,-1
65,67,402.0,962.0,10.0,8.0,1,-1,-1,-1
70,67,410.0,974.0,10.0,10.0,1,-1,-1,-1
75,67,418.0,986.0,10.0,10.0,1,-1,-1,-1
60,68,202.0,662.0,10.0,8.0,1,-1,-1,-1
65,68,196.0,668.0,12.0,10.0,1,-1,-1,-1
70,68,188.0,680.0,10.0,10.0,1,-1,-1,-1
75,68,182.0,686.0,10.0,9.0,1,-1,-1,-1
65,69,304.0,822.0,10.0,10.0,1,-1,-1,-1
70,69,310.0,832.0,10.0,10.0,1,-1,-1,-1
75,69,316.0,842.0,10.0,10.0,1,-1,-1,-1
65,70,452.0,990.0,8.0,9.0,1,-1,-1,-1
70,70,444.0,976.0,8.0,10.0,1,-1,-1,-1
75,70,436.0,964.0,10.0,10.0,1,-1,-1,-1
15,71,230.0,60.0,10.0,12.0,1,-1,-1,-1
20,71,230.0,74.0,10.0,12.0,1,-1,-1,-1
25,71,230.0,88.0,8.0,12.0,1,-1,-1,-1
30,71,228.0,104.0,10.0,10.0,1,-1,-1,-1
35,71,228.0,118.0,10.0,12.0,1,-1,-1,-1
40,71,226.0,132.0,10.0,12.0,1,-1,-1,-1
45,71,226.0,148.0,10.0,10.0,1,-1,-1,-1
50,71,226.0,162.0,9.0,10.0,1,-1,-1,-1
55,71,224.0,176.0,12.0,12.0,1,-1,-1,-1
60,71,224.0,190.0,10.0,12.0,1,-1,-1,-1
65,71,224.0,206.0,12.0,10.0,1,-1,-1,-1
70,71,222.0,220.0,14.0,12.0,1,-1,-1,-1
75,71,228.0,238.0,8.0,10.0,1,-1,-1,-1
80,71,222.0,248.0,10.0,12.0,1,-1,-1,-1
85,71,222.0,264.0,10.0,12.0,1,-1,-1,-1
90,71,224.0,284.0,10.0,10.0,1,-1,-1,-1
95,71,224.0,300.0,10.0,10.0,1,-1,-1,-1
15,72,222.0,106.0,9.0,10.0,1,-1,-1,-1
20,72,222.0,118.0,8.0,12.0,1,-1,-1,-1
25,72,222.0,132.0,8.0,10.0,1,-1,-1,-1
30,72,220.0,144.0,10.0,10.0,1,-1,-1,-1
35,72,220.0,158.0,10.0,10.0,1,-1,-1,-1
40,72,220.0,170.0,8.0,10.0,1,-1,-1,-1
45,72,220.0,182.0,8.0,12.0,1,-1,-1,-1
50,72,220.0,196.0,8.0,10.0,1,-1,-1,-1
55,72,220.0,210.0,8.0,10.0,1,-1,-1,-1
60,72,220.0,222.0,6.0,10.0,1,-1,-1,-1
65,72,220.0,236.0,6.0,10.0,1,-1,-1,-1
70,72,220.0,248.0,6.0,10.0,1,-1,-1,-1
75,72,220.0,262.0,6.0,10.0,1,-1,-1,-1
80,72,220.0,276.0,6.0,10.0,1,-1,-1,-1
85,72,220.0,290.0,6.0,10.0,1,-1,-1,-1
90,72,218.0,302.0,8.0,8.0,1,-1,-1,-1
95,72,220.0,316.0,6.0,10.0,1,-1,-1,-1
15,73,220.0,124.0,7.0,12.0,1,-1,-1,-1
20,73,220.0,134.0,6.0,10.0,1,-1,-1,-1
25,73,220.0,142.0,6.0,12.0,1,-1,-1,-1
30,73,216.0,152.0,9.0,10.0,1,-1,-1,-1
40,73,214.0,170.0,10.0,10.0,1,-1,-1,-1
45,73,214.0,178.0,9.0,12.0,1,-1,-1,-1
50,73,212.0,188.0,10.0,10.0,1,-1,-1,-1
55,73,212.0,196.0,10.0,12.0,1,-1,-1,-1
60,73,210.0,206.0,10.0,10.0,1,-1,-1,-1
65,73,210.0,214.0,10.0,12.0,1,-1,-1,-1
70,73,210.0,224.0,10.0,12.0,1,-1,-1,-1
75,73,210.0,234.0,10.0,10.0,1,-1,-1,-1
80,73,208.0,242.0,12.0,12.0,1,-1,-1,-1
85,73,208.0,252.0,10.0,10.0,1,-1,-1,-1
90,73,208.0,262.0,10.0,10.0,1,-1,-1,-1
95,73,206.0,272.0,12.0,10.0,1,-1,-1,-1
15,74,214.0,166.0,10.0,10.0,1,-1,-1,-1
20,74,214.0,174.0,10.0,12.0,1,-1,-1,-1
25,74,212.0,184.0,10.0,10.0,1,-1,-1,-1
30,74,212.0,192.0,10.0,12.0,1,-1,-1,-1
35,74,210.0,202.0,12.0,10.0,1,-1,-1,-1
40,74,210.0,210.0,10.0,10.0,1,-1,-1,-1
45,74,210.0,220.0,10.0,10.0,1,-1,-1,-1
50,74,210.0,228.0,10.0,12.0,1,-1,-1,-1
55,74,208.0,238.0,10.0,10.0,1,-1,-1,-1
60,74,208.0,246.0,10.0,12.0,1,-1,-1,-1
65,74,208.0,256.0,10.0,12.0,1,-1,-1,-1
70,74,208.0,266.0,10.0,10.0,1,-1,-1,-1
75,74,206.0,274.0,12.0,12.0,1,-1,-1,-1
80,74,206.0,284.0,10.0,12.0,1,-1,-1,-1
85,74,206.0,294.0,10.0,10.0,1,-1,-1,-1
90,74,206.0,304.0,10.0,10.0,1,-1,-1,-1
95,74,206.0,312.0,10.0,12.0,1,-1,-1,-1
15,75,228.0,188.0,10.0,12.0,1,-1,-1,-1
25,75,226.0,220.0,10.0,8.0,1,-1,-1,-1
30,75,226.0,232.0,8.0,10.0,1,-1,-1,-1
35,75,226.0,246.0,8.0,9.0,1,-1,-1,-1
40,75,224.0,262.0,10.0,10.0,1,-1,-1,-1
45,75,224.0,276.0,10.0,12.0,1,-1,-1,-1
50,75,224.0,292.0,8.0,10.0,1,-1,-1,-1
55,75,224.0,308.0,8.0,10.0,1,-1,-1,-1
60,75,224.0,320.0,9.0,12.0,1,-1,-1,-1
65,75,224.0,336.0,10.0,12.0,1,-1,-1,-1
70,75,224.0,352.0,10.0,10.0,1,-1,-1,-1
75,75,226.0,366.0,10.0,12.0,1,-1,-1,-1
80,75,226.0,382.0,10.0,10.0,1,-1,-1,-1
90,75,230.0,412.0,8.0,10.0,1,-1,-1,-1
95,75,230.0,428.0,10.0,10.0,1,-1,-1,-1
15,76,214.0,242.0,8.0,10.0,1,-1,-1,-1
20,76,212.0,250.0,10.0,10.0,1,-1,-1,-1
25,76,212.0,260.0,10.0,10.0,1,-1,-1,-1
30,76,212.0,270.0,10.0,10.0,1,-1,-1,-1
35,76,212.0,280.0,10.0,10.0,1,-1,-1,-1
40,76,212.0,290.0,10.0,10.0,1,-1,-1,-1
45,76,212.0,300.0,10.0,10.0,1,-1,-1,-1
55,76,214.0,320.0,8.0,10.0,1,-1,-1,-1
60,76,214.0,330.0,8.0,10.0,1,-1,-1,-1
65,76,214.0,340.0,10.0,12.0,1,-1,-1,-1
70,76,214.0,352.0,10.0,10.0,1,-1,-1,-1
75,76,214.0,362.0,10.0,10.0,1,-1,-1,-1
80,76,214.0,372.0,10.0,10.0,1,-1,-1,-1
85,76,216.0,382.0,8.0,12.0,1,-1,-1,-1
90,76,216.0,394.0,10.0,10.0,1,-1,-1,-1
95,76,220.0,404.0,8.0,10.0,1,-1,-1,-1
15,77,208.0,256.0,10.0,10.0,1,-1,-1,-1
20,77,206.0,264.0,12.0,12.0,1,-1,-1,-1
25,77,206.0,272.0,10.0,12.0,1,-1,-1,-1
30,77,206.0,280.0,10.0,12.0,1,-1,-1,-1
35,77,206.0,290.0,10.0,10.0,1,-1,-1,-1
40,77,206.0,298.0,10.0,12.0,1,-1,-1,-1
45,77,206.0,308.0,8.0,10.0,1,-1,-1,-1
55,77,204.0,326.0,10.0,10.0,1,-1,-1,-1
60,77,204.0,334.0,10.0,12.0,1,-1,-1,-1
65,77,204.0,344.0,10.0,12.0,1,-1,-1,-1
70,77,204.0,354.0,10.0,10.0,1,-1,-1,-1
75,77,204.0,362.0,10.0,12.0,1,-1,-1,-1
80,77,206.0,372.0,8.0,12.0,1,-1,-1,-1
85,77,206.0,382.0,8.0,12.0,1,-1,-1,-1
90,77,206.0,394.0,8.0,10.0,1,-1,-1,-1
95,77,206.0,404.0,10.0,10.0,1,-1,-1,-1
15,78,206.0,284.0,10.0,12.0,1,-1,-1,-1
20,78,206.0,294.0,10.0,12.0,1,-1,-1,-1
25,78,208.0,306.0,8.0,10.0,1,-1,-1,-1
30,78,206.0,312.0,10.0,12.0,1,-1,-1,-1
35,78,206.0,322.0,10.0,12.0,1,-1,-1,-1
40,78,206.0,332.0,10.0,10.0,1,-1,-1,-1
45,78,206.0,342.0,10.0,10.0,1,-1,-1,-1
50,78,206.0,352.0,10.0,10.0,1,-1,-1,-1
55,78,208.0,362.0,10.0,10.0,1,-1,-1,-1
60,78,208.0,370.0,10.0,12.0,1,-1,-1,-1
65,78,208.0,380.0,10.0,12.0,1,-1,-1,-1
75,78,210.0,402.0,10.0,10.0,1,-1,-1,-1
80,78,212.0,412.0,10.0,10.0,1,-1,-1,-1
85,78,212.0,422.0,10.0,12.0,1,-1,-1,-1
90,78,214.0,432.0,10.0,12.0,1,-1,-1,-1
95,78,214.0,444.0,10.0,10.0,1,-1,-1,-1
15,79,204.0,308.0,10.0,10.0,1,-1,-1,-1
20,79,204.0,316.0,10.0,10.0,1,-1,-1,-1
25,79,204.0,326.0,8.0,10.0,1,-1,-1,-1
30,79,204.0,336.0,10.0,10.0,1,-1,-1,-1
35,79,204.0,344.0,8.0,10.0,1,-1,-1,-1
40,79,204.0,354.0,8.0,10.0,1,-1,-1,-1
45,79,204.0,364.0,10.0,10.0,1,-1,-1,-1
50,79,204.0,374.0,10.0,8.0,1,-1,-1,-1
55,79,204.0,382.0,10.0,10.0,1,-1,-1,-1
65,79,206.0,404.0,10.0,8.0,1,-1,-1,-1
70,79,206.0,412.0,10.0,10.0,1,-1,-1,-1
75,79,208.0,422.0,8.0,10.0,1,-1,-1,-1
80,79,208.0,432.0,8.0,10.0,1,-1,-1,-1
85,79,208.0,444.0,10.0,8.0,1,-1,-1,-1
90,79,210.0,454.0,10.0,8.0,1,-1,-1,-1
95,79,212.0,464.0,8.0,10.0,1,-1,-1,-1
15,80,206.0,342.0,10.0,10.0,1,-1,-1,-1
20,80,206.0,350.0,10.0,12.0,1,-1,-1,-1
25,80,206.0,360.0,10.0,12.0,1,-1,-1,-1
30,80,208.0,370.0,8.0,12.0,1,-1,-1,-1
35,80,208.0,380.0,10.0,12.0,1,-1,-1,-1
45,80,210.0,402.0,8.0,8.0,1,-1,-1,-1
50,80,210.0,410.0,10.0,12.0,1,-1,-1,-1
55,80,210.0,420.0,10.0,12.0,1,-1,-1,-1
60,80,212.0,430.0,10.0,12.0,1,-1,-1,-1
65,80,214.0,442.0,10.0,10.0,1,-1,-1,-1
70,80,214.0,452.0,10.0,10.0,1,-1,-1,-1
75,80,216.0,462.0,10.0,12.0,1,-1,-1,-1
80,80,218.0,472.0,10.0,12.0,1,-1,-1,-1
85,80,220.0,484.0,10.0,10.0,1,-1,-1,-1
90,80,222.0,494.0,10.0,12.0,1,-1,-1,-1
95,80,222.0,504.0,10.0,12.0,1,-1,-1,-1
15,81,236.0,224.0,10.0,10.0,1,-1,-1,-1
20,81,238.0,210.0,8.0,10.0,1,-1,-1,-1
25,81,238.0,194.0,10.0,10.0,1,-1,-1,-1
30,81,238.0,180.0,10.0,10.0,1,-1,-1,-1
35,81,240.0,164.0,10.0,10.0,1,-1,-1,-1
40,81,242.0,148.0,8.0,12.0,1,-1,-1,-1
45,81,242.0,134.0,10.0,10.0,1,-1,-1,-1
50,81,244.0,118.0,10.0,12.0,1,-1,-1,-1
55,81,244.0,104.0,10.0,10.0,1,-1,-1,-1
60,81,246.0,88.0,10.0,10.0,1,-1,-1,-1
65,81,248.0,72.0,6.0,12.0,1,-1,-1,-1
70,81,250.0,58.0,9.0,10.0,1,-1,-1,-1
75,81,252.0,42.0,8.0,10.0,1,-1,-1,-1
80,81,254.0,28.0,9.0,10.0,1,-1,-1,-1
85,81,254.0,12.0,10.0,10.0,1,-1,-1,-1
90,81,256.0,0.0,10.0,6.0,1,-1,-1,-1
15,82,240.0,256.0,8.0,8.0,1,-1,-1,-1
20,82,240.0,242.0,8.0,10.0,1,-1,-1,-1
25,82,240.0,230.0,8.0,8.0,1,-1,-1,-1
30,82,240.0,220.0,10.0,6.0,1,-1,-1,-1
35,82,242.0,204.0,10.0,10.0,1,-1,-1,-1
40,82,242.0,192.0,10.0,8.0,1,-1,-1,-1
45,82,244.0,178.0,8.0,10.0,1,-1,-1,-1
50,82,246.0,166.0,8.0,8.0,1,-1,-1,-1
55,82,246.0,152.0,8.0,10.0,1,-1,-1,-1
60,82,248.0,140.0,7.0,9.0,1,-1,-1,-1
65,82,248.0,126.0,10.0,10.0,1,-1,-1,-1
70,82,250.0,114.0,8.0,8.0,1,-1,-1,-1
75,82,252.0,100.0,8.0,10.0,1,-1,-1,-1
80,82,254.0,88.0,8.0,8.0,1,-1,-1,-1
85,82,256.0,74.0,8.0,10.0,1,-1,-1,-1
90,82,258.0,62.0,8.0,8.0,1,-1,-1,-1
95,82,258.0,48.0,10.0,10.0,1,-1,-1,-1
15,83,270.0,228.0,10.0,10.0,1,-1,-1,-1
20,83,270.0,220.0,10.0,8.0,1,-1,-1,-1
25,83,270.0,204.0,10.0,12.0,1,-1,-1,-1
30,83,272.0,192.0,8.0,12.0,1,-1,-1,-1
35,83,272.0,182.0,10.0,10.0,1,-1,-1,-1
40,83,272.0,170.0,10.0,10.0,1,-1,-1,-1
45,83,274.0,158.0,10.0,12.0,1,-1,-1,-1
50,83,274.0,146.0,10.0,12.0,1,-1,-1,-1
55,83,274.0,136.0,10.0,10.0,1,-1,-1,-1
60,83,274.0,124.0,10.0,12.0,1,-1,-1,-1
65,83,276.0,114.0,10.0,10.0,1,-1,-1,-1
70,83,276.0,104.0,10.0,10.0,1,-1,-1,-1
75,83,278.0,92.0,10.0,12.0,1,-1,-1,-1
80,83,278.0,82.0,10.0,12.0,1,-1,-1,-1
85,83,278.0,72.0,10.0,12.0,1,-1,-1,-1
90,83,280.0,64.0,9.0,10.0,1,-1,-1,-1
95,83,280.0,54.0,10.0,10.0,1,-1,-1,-1
15,84,184.0,306.0,8.0,10.0,1,-1,-1,-1
20,84,184.0,302.0,8.0,10.0,1,-1,-1,-1
25,84,184.0,296.0,8.0,10.0,1,-1,-1,-1
30,84,184.0,290.0,8.0,10.0,1,-1,-1,-1
35,84,184.0,284.0,8.0,10.0,1,-1,-1,-1
40,84,184.0,280.0,8.0,8.0,1,-1,-1,-1
45,84,184.0,274.0,8.0,10.0,1,-1,-1,-1
50,84,184.0,268.0,8.0,10.0,1,-1,-1,-1
55,84,184.0,264.0,8.0,10.0,1,-1,-1,-1
60,84,184.0,258.0,8.0,10.0,1,-1,-1,-1
65,84,184.0,254.0,8.0,8.0,1,-1,-1,-1
70,84,182.0,248.0,10.0,10.0,1,-1,-1,-1
75,84,182.0,244.0,10.0,8.0,1,-1,-1,-1
80,84,182.0,238.0,10.0,10.0,1,-1,-1,-1
85,84,182.0,234.0,8.0,10.0,1,-1,-1,-1
90,84,182.0,230.0,8.0,8.0,1,-1,-1,-1
95,84,182.0,226.0,10.0,8.0,1,-1,-1,-1
15,85,172.0,348.0,8.0,10.0,1,-1,-1,-1
20,85,172.0,354.0,8.0,10.0,1,-1,-1,-1
25,85,170.0,360.0,10.0,10.0,1,-1,-1,-1
30,85,170.0,366.0,10.0,10.0,1,-1,-1,-1
35,85,170.0,372.0,10.0,10.0,1,-1,-1,-1
40,85,170.0,376.0,10.0,10.0,1,-1,-1,-1
45,85,170.0,382.0,10.0,10.0,1,-1,-1,-1
50,85,170.0,386.0,10.0,10.0,1,-1,-1,-1
55,85,170.0,392.0,8.0,10.0,1,-1,-1,-1
60,85,170.0,396.0,8.0,10.0,1,-1,-1,-1
65,85,170.0,402.0,8.0,10.0,1,-1,-1,-1
70,85,170.0,406.0,8.0,10.0,1,-1,-1,-1
75,85,170.0,412.0,8.0,10.0,1,-1,-1,-1
80,85,168.0,418.0,10.0,8.0,1,-1,-1,-1
85,85,168.0,422.0,8.0,10.0,1,-1,-1,-1
90,85,166.0,428.0,10.0,8.0,1,-1,-1,-1
95,85,164.0,432.0,10.0,10.0,1,-1,-1,-1
15,86,242.0,318.0,10.0,12.0,1,-1,-1,-1
20,86,242.0,306.0,10.0,12.0,1,-1,-1,-1
25,86,242.0,296.0,10.0,10.0,1,-1,-1,-1
30,86,242.0,284.0,10.0,12.0,1,-1,-1,-1
35,86,242.0,274.0,10.0,10.0,1,-1,-1,-1
40,86,242.0,262.0,10.0,12.0,1,-1,-1,-1
45,86,242.0,250.0,10.0,12.0,1,-1,-1,-1
50,86,244.0,240.0,10.0,10.0,1,-1,-1,-1
55,86,244.0,228.0,10.0,12.0,1,-1,-1,-1
60,86,244.0,220.0,10.0,8.0,1,-1,-1,-1
65,86,246.0,206.0,8.0,12.0,1,-1,-1,-1
70,86,246.0,194.0,10.0,12.0,1,-1,-1,-1
75,86,246.0,184.0,8.0,12.0,1,-1,-1,-1
80,86,248.0,172.0,6.0,12.0,1,-1,-1,-1
85,86,248.0,160.0,10.0,12.0,1,-1,-1,-1
90,86,250.0,150.0,10.0,10.0,1,-1,-1,-1
95,86,250.0,138.0,10.0,12.0,1,-1,-1,-1
15,87,238.0,322.0,10.0,12.0,1,-1,-1,-1
20,87,238.0,308.0,8.0,12.0,1,-1,-1,-1
25,87,236.0,292.0,10.0,10.0,1,-1,-1,-1
35,87,236.0,260.0,10.0,12.0,1,-1,-1,-1
40,87,236.0,246.0,10.0,9.0,1,-1,-1,-1
45,87,236.0,230.0,10.0,12.0,1,-1,-1,-1
50,87,238.0,220.0,8.0,6.0,1,-1,-1,-1
55,87,238.0,198.0,10.0,12.0,1,-1,-1,-1
60,87,240.0,182.0,8.0,14.0,1,-1,-1,-1
65,87,240.0,168.0,10.0,12.0,1,-1,-1,-1
70,87,242.0,152.0,8.0,12.0,1,-1,-1,-1
75,87,242.0,136.0,10.0,12.0,1,-1,-1,-1
80,87,244.0,120.0,10.0,12.0,1,-1,-1,-1
85,87,246.0,104.0,8.0,14.0,1,-1,-1,-1
90,87,248.0,88.0,6.0,14.0,1,-1,-1,-1
95,87,250.0,72.0,5.0,14.0,1,-1,-1,-1
15,88,234.0,470.0,10.0,12.0,1,-1,-1,-1
20,88,236.0,484.0,10.0,12.0,1,-1,-1,-1
25,88,240.0,500.0,9.0,10.0,1,-1,-1,-1
30,88,242.0,514.0,10.0,12.0,1,-1,-1,-1
35,88,244.0,528.0,10.0,12.0,1,-1,-1,-1
40,88,248.0,544.0,10.0,12.0,1,-1,-1,-1
45,88,250.0,558.0,10.0,12.0,1,-1,-1,-1
50,88,254.0,574.0,10.0,12.0,1,-1,-1,-1
60,88,260.0,604.0,10.0,12.0,1,-1,-1,-1
65,88,264.0,620.0,10.0,10.0,1,-1,-1,-1
70,88,270.0,636.0,8.0,8.0,1,-1,-1,-1
80,88,278.0,668.0,10.0,10.0,1,-1,-1,-1
85,88,282.0,680.0,10.0,12.0,1,-1,-1,-1
90,88,288.0,696.0,10.0,12.0,1,-1,-1,-1
95,88,294.0,712.0,10.0,12.0,1,-1,-1,-1
15,89,220.0,466.0,6.0,10.0,1,-1,-1,-1
20,89,220.0,476.0,8.0,10.0,1,-1,-1,-1
25,89,220.0,486.0,10.0,10.0,1,-1,-1,-1
30,89,220.0,496.0,12.0,12.0,1,-1,-1,-1
35,89,222.0,506.0,10.0,12.0,1,-1,-1,-1
40,89,224.0,518.0,10.0,10.0,1,-1,-1,-1
45,89,226.0,528.0,10.0,10.0,1,-1,-1,-1
50,89,228.0,538.0,10.0,12.0,1,-1,-1,-1
55,89,230.0,550.0,10.0,10.0,1,-1,-1,-1
60,89,232.0,560.0,12.0,12.0,1,-1,-1,-1
65,89,236.0,572.0,10.0,10.0,1,-1,-1,-1
70,89,238.0,584.0,10.0,10.0,1,-1,-1,-1
75,89,242.0,594.0,10.0,12.0,1,-1,-1,-1
80,89,240.0,608.0,14.0,10.0,1,-1,-1,-1
85,89,248.0,618.0,6.0,10.0,1,-1,-1,-1
90,89,250.0,630.0,10.0,10.0,1,-1,-1,-1
95,89,254.0,642.0,10.0,10.0,1,-1,-1,-1
15,90,214.0,480.0,10.0,10.0,1,-1,-1,-1
20,90,216.0,490.0,10.0,10.0,1,-1,-1,-1
25,90,220.0,500.0,8.0,10.0,1,-1,-1,-1
30,90,220.0,508.0,8.0,10.0,1,-1,-1,-1
35,90,222.0,518.0,8.0,10.0,1,-1,-1,-1
40,90,222.0,528.0,10.0,10.0,1,-1,-1,-1
45,90,224.0,538.0,10.0,10.0,1,-1,-1,-1
50,90,226.0,548.0,10.0,10.0,1,-1,-1,-1
55,90,228.0,558.0,10.0,10.0,1,-1,-1,-1
60,90,230.0,566.0,10.0,10.0,1,-1,-1,-1
65,90,232.0,578.0,10.0,10.0,1,-1,-1,-1
70,90,234.0,588.0,10.0,10.0,1,-1,-1,-1
75,90,238.0,598.0,8.0,10.0,1,-1,-1,-1
85,90,242.0,618.0,10.0,10.0,1,-1,-1,-1
90,90,246.0,628.0,8.0,10.0,1,-1,-1,-1
95,90,248.0,638.0,10.0,10.0,1,-1,-1,-1
15,91,236.0,524.0,10.0,10.0,1,-1,-1,-1
20,91,240.0,538.0,8.0,12.0,1,-1,-1,-1
25,91,242.0,552.0,10.0,12.0,1,-1,-1,-1
30,91,246.0,566.0,8.0,12.0,1,-1,-1,-1
35,91,248.0,580.0,10.0,12.0,1,-1,-1,-1
40,91,252.0,596.0,10.0,10.0,1,-1,-1,-1
45,91,256.0,610.0,8.0,10.0,1,-1,-1,-1
50,91,258.0,624.0,10.0,10.0,1,-1,-1,-1
55,91,262.0,636.0,10.0,12.0,1,-1,-1,-1
70,91,274.0,678.0,10.0,12.0,1,-1,-1,-1
75,91,280.0,692.0,8.0,10.0,1,-1,-1,-1
80,91,284.0,706.0,10.0,10.0,1,-1,-1,-1
85,91,288.0,718.0,10.0,12.0,1,-1,-1,-1
90,91,294.0,732.0,10.0,10.0,1,-1,-1,-1
15,92,220.0,526.0,8.0,10.0,1,-1,-1,-1
20,92,220.0,536.0,10.0,12.0,1,-1,-1,-1
25,92,222.0,546.0,10.0,12.0,1,-1,-1,-1
30,92,224.0,556.0,10.0,12.0,1,-1,-1,-1
35,92,226.0,566.0,10.0,12.0,1,-1,-1,-1
40,92,228.0,576.0,10.0,10.0,1,-1,-1,-1
45,92,228.0,584.0,10.0,12.0,1,-1,-1,-1
50,92,230.0,594.0,10.0,12.0,1,-1,-1,-1
55,92,230.0,602.0,10.0,12.0,1,-1,-1,-1
60,92,230.0,610.0,10.0,12.0,1,-1,-1,-1
65,92,228.0,618.0,10.0,12.0,1,-1,-1,-1
75,92,224.0,636.0,10.0,10.0,1,-1,-1,-1
80,92,220.0,642.0,10.0,12.0,1,-1,-1,-1
85,92,220.0,650.0,6.0,10.0,1,-1,-1,-1
90,92,220.0,658.0,4.0,8.0,1,-1,-1,-1
95,92,206.0,664.0,12.0,10.0,1,-1,-1,-1
15,93,258.0,628.0,12.0,18.0,1,-1,-1,-1
20,93,262.0,640.0,10.0,14.0,1,-1,-1,-1
35,93,272.0,676.0,12.0,14.0,1,-1,-1,-1
40,93,276.0,684.0,12.0,18.0,1,-1,-1,-1
45,93,278.0,696.0,14.0,18.0,1,-1,-1,-1
50,93,282.0,708.0,14.0,16.0,1,-1,-1,-1
55,93,286.0,718.0,14.0,18.0,1,-1,-1,-1
60,93,292.0,730.0,12.0,16.0,1,-1,-1,-1
70,93,302.0,758.0,10.0,12.0,1,-1,-1,-1
75,93,304.0,763.0,14.0,17.0,1,-1,-1,-1
80,93,310.0,774.0,12.0,17.0,1,-1,-1,-1
85,93,314.0,784.0,14.0,18.0,1,-1,-1,-1
90,93,320.0,796.0,12.0,16.0,1,-1,-1,-1
95,93,324.0,806.0,14.0,18.0,1,-1,-1,-1
15,94,230.0,430.0,10.0,12.0,1,-1,-1,-1
25,94,234.0,460.0,10.0,10.0,1,-1,-1,-1
30,94,236.0,474.0,10.0,12.0,1,-1,-1,-1
35,94,238.0,488.0,10.0,12.0,1,-1,-1,-1
40,94,240.0,504.0,10.0,10.0,1,-1,-1,-1
45,94,244.0,518.0,10.0,12.0,1,-1,-1,-1
55,94,248.0,546.0,10.0,12.0,1,-1,-1,-1
60,94,252.0,562.0,10.0,10.0,1,-1,-1,-1
65,94,254.0,576.0,11.0,12.0,1,-1,-1,-1
70,94,258.0,590.0,10.0,12.0,1,-1,-1,-1
75,94,262.0,606.0,10.0,10.0,1,-1,-1,-1
80,94,266.0,620.0,10.0,12.0,1,-1,-1,-1
85,94,270.0,636.0,8.0,10.0,1,-1,-1,-1
15,95,280.0,728.0,10.0,10.0,1,-1,-1,-1
20,95,282.0,738.0,10.0,10.0,1,-1,-1,-1
35,95,294.0,768.0,10.0,10.0,1,-1,-1,-1
40,95,298.0,778.0,10.0,10.0,1,-1,-1,-1
45,95,302.0,788.0,10.0,10.0,1,-1,-1,-1
50,95,306.0,798.0,10.0,10.0,1,-1,-1,-1
55,95,310.0,808.0,10.0,10.0,1,-1,-1,-1
60,95,314.0,818.0,10.0,10.0,1,-1,-1,-1
65,95,320.0,828.0,8.0,10.0,1,-1,-1,-1
70,95,324.0,838.0,10.0,10.0,1,-1,-1,-1
75,95,328.0,848.0,10.0,10.0,1,-1,-1,-1
80,95,334.0,858.0,10.0,10.0,1,-1,-1,-1
85,95,338.0,868.0,10.0,10.0,1,-1,-1,-1
90,95,344.0,878.0,10.0,10.0,1,-1,-1,-1
95,95,350.0,887.0,10.0,11.0,1,-1,-1,-1
15,96,322.0,840.0,10.0,10.0,1,-1,-1,-1
20,96,328.0,850.0,10.0,10.0,1,-1,-1,-1
25,96,334.0,862.0,8.0,10.0,1,-1,-1,-1
30,96,340.0,872.0,8.0,10.0,1,-1,-1,-1
35,96,344.0,884.0,10.0,10.0,1,-1,-1,-1
40,96,352.0,894.0,8.0,10.0,1,-1,-1,-1
45,96,358.0,906.0,10.0,9.0,1,-1,-1,-1
50,96,364.0,916.0,10.0,10.0,1,-1,-1,-1
55,96,372.0,928.0,8.0,8.0,1,-1,-1,-1
60,96,378.0,938.0,10.0,10.0,1,-1,-1,-1
65,96,386.0,950.0,10.0,10.0,1,-1,-1,-1
70,96,392.0,960.0,10.0,10.0,1,-1,-1,-1
75,96,400.0,972.0,10.0,10.0,1,-1,-1,-1
80,96,408.0,982.0,8.0,10.0,1,-1,-1,-1
85,96,414.0,994.0,8.0,5.0,1,-1,-1,-1
15,97,440.0,896.0,10.0,12.0,1,-1,-1,-1
20,97,434.0,886.0,10.0,10.0,1,-1,-1,-1
35,97,414.0,848.0,10.0,10.0,1,-1,-1,-1
40,97,406.0,836.0,10.0,10.0,1,-1,-1,-1
45,97,400.0,824.0,10.0,10.0,1,-1,-1,-1
50,97,394.0,812.0,10.0,10.0,1,-1,-1,-1
55,97,386.0,800.0,12.0,10.0,1,-1,-1,-1
60,97,380.0,788.0,11.0,12.0,1,-1,-1,-1
65,97,374.0,776.0,10.0,12.0,1,-1,-1,-1
70,97,368.0,766.0,10.0,10.0,1,-1,-1,-1
75,97,362.0,754.0,10.0,12.0,1,-1,-1,-1
80,97,356.0,744.0,10.0,8.0,1,-1,-1,-1
90,97,346.0,722.0,8.0,8.0,1,-1,-1,-1
95,97,342.0,710.0,8.0,10.0,1,-1,-1,-1
15,98,404.0,894.0,10.0,10.0,1,-1,-1,-1
20,98,398.0,884.0,10.0,10.0,1,-1,-1,-1
30,98,388.0,862.0,10.0,12.0,1,-1,-1,-1
35,98,382.0,852.0,10.0,12.0,1,-1,-1,-1
40,98,376.0,842.0,10.0,12.0,1,-1,-1,-1
45,98,372.0,832.0,10.0,12.0,1,-1,-1,-1
50,98,366.0,822.0,10.0,10.0,1,-1,-1,-1
55,98,362.0,812.0,10.0,10.0,1,-1,-1,-1
60,98,358.0,802.0,8.0,10.0,1,-1,-1,-1
65,98,352.0,790.0,10.0,12.0,1,-1,-1,-1
70,98,348.0,782.0,10.0,10.0,1,-1,-1,-1
75,98,344.0,770.0,10.0,12.0,1,-1,-1,-1
80,98,340.0,762.0,10.0,10.0,1,-1,-1,-1
15,99,378.0,854.0,10.0,12.0,1,-1,-1,-1
20,99,372.0,844.0,10.0,12.0,1,-1,-1,-1
25,99,368.0,834.0,9.0,10.0,1,-1,-1,-1
30,99,362.0,822.0,10.0,12.0,1,-1,-1,-1
35,99,356.0,812.0,10.0,12.0,1,-1,-1,-1
40,99,352.0,802.0,10.0,10.0,1,-1,-1,-1
45,99,346.0,790.0,10.0,12.0,1,-1,-1,-1
50,99,342.0,780.0,10.0,12.0,1,-1,-1,-1
55,99,340.0,766.0,6.0,14.0,1,-1,-1,-1
60,99,336.0,756.0,8.0,8.0,1,-1,-1,-1
65,99,328.0,750.0,10.0,8.0,1,-1,-1,-1
75,99,318.0,726.0,10.0,10.0,1,-1,-1,-1
80,99,314.0,716.0,10.0,10.0,1,-1,-1,-1
85,99,310.0,704.0,10.0,12.0,1,-1,-1,-1
90,99,306.0,694.0,10.0,10.0,1,-1,-1,-1
15,100,320.0,600.0,10.0,20.0,1,-1,-1,-1
20,100,318.0,594.0,12.0,18.0,1,-1,-1,-1
25,100,318.0,586.0,10.0,18.0,1,-1,-1,-1
30,100,316.0,580.0,12.0,18.0,1,-1,-1,-1
35,100,316.0,574.0,10.0,18.0,1,-1,-1,-1
40,100,314.0,566.0,12.0,18.0,1,-1,-1,-1
45,100,314.0,560.0,12.0,18.0,1,-1,-1,-1
50,100,314.0,552.0,10.0,18.0,1,-1,-1,-1
55,100,312.0,546.0,12.0,18.0,1,-1,-1,-1
60,100,312.0,538.0,10.0,18.0,1,-1,-1,-1
70,100,310.0,524.0,10.0,18.0,1,-1,-1,-1
80,100,308.0,510.0,10.0,18.0,1,-1,-1,-1
95,100,304.0,488.0,10.0,18.0,1,-1,-1,-1
15,101,314.0,564.0,12.0,16.0,1,-1,-1,-1
20,101,314.0,556.0,10.0,16.0,1,-1,-1,-1
25,101,312.0,550.0,10.0,16.0,1,-1,-1,-1
30,101,310.0,542.0,12.0,16.0,1,-1,-1,-1
35,101,310.0,536.0,10.0,16.0,1,-1,-1,-1
40,101,308.0,530.0,10.0,14.0,1,-1,-1,-1
45,101,306.0,522.0,10.0,16.0,1,-1,-1,-1
50,101,304.0,514.0,11.0,16.0,1,-1,-1,-1
55,101,302.0,508.0,12.0,16.0,1,-1,-1,-1
60,101,300.0,500.0,12.0,16.0,1,-1,-1,-1
65,101,298.0,494.0,12.0,16.0,1,-1,-1,-1
70,101,296.0,486.0,12.0,16.0,1,-1,-1,-1
75,101,294.0,480.0,12.0,16.0,1,-1,-1,-1
80,101,294.0,472.0,10.0,16.0,1,-1,-1,-1
85,101,292.0,466.0,10.0,14.0,1,-1,-1,-1
90,101,290.0,458.0,10.0,16.0,1,-1,-1,-1
95,101,288.0,450.0,12.0,16.0,1,-1,-1,-1
15,102,306.0,534.0,10.0,12.0,1,-1,-1,-1
20,102,305.0,524.0,9.0,12.0,1,-1,-1,-1
25,102,304.0,514.0,8.0,12.0,1,-1,-1,-1
30,102,302.0,504.0,10.0,12.0,1,-1,-1,-1
35,102,300.0,494.0,10.0,10.0,1,-1,-1,-1
40,102,298.0,482.0,10.0,12.0,1,-1,-1,-1
45,102,294.0,472.0,10.0,12.0,1,-1,-1,-1
50,102,292.0,460.0,10.0,12.0,1,-1,-1,-1
55,102,290.0,450.0,10.0,10.0,1,-1,-1,-1
60,102,288.0,440.0,10.0,10.0,1,-1,-1,-1
65,102,286.0,426.0,10.0,12.0,1,-1,-1,-1
70,102,284.0,415.0,10.0,11.0,1,-1,-1,-1
75,102,282.0,404.0,8.0,10.0,1,-1,-1,-1
85,102,278.0,380.0,10.0,10.0,1,-1,-1,-1
90,102,276.0,368.0,10.0,10.0,1,-1,-1,-1
15,103,304.0,526.0,10.0,10.0,1,-1,-1,-1
20,103,302.0,516.0,8.0,10.0,1,-1,-1,-1
25,103,300.0,506.0,8.0,10.0,1,-1,-1,-1
30,103,296.0,496.0,10.0,10.0,1,-1,-1,-1
35,103,294.0,486.0,8.0,10.0,1,-1,-1,-1
40,103,292.0,476.0,8.0,10.0,1,-1,-1,-1
45,103,288.0,466.0,10.0,8.0,1,-1,-1,-1
50,103,286.0,454.0,8.0,10.0,1,-1,-1,-1
55,103,282.0,444.0,10.0,10.0,1,-1,-1,-1
60,103,280.0,434.0,10.0,10.0,1,-1,-1,-1
65,103,278.0,422.0,8.0,10.0,1,-1,-1,-1
70,103,276.0,412.0,8.0,10.0,1,-1,-1,-1
75,103,274.0,400.0,8.0,10.0,1,-1,-1,-1
80,103,272.0,390.0,8.0,8.0,1,-1,-1,-1
85,103,270.0,380.0,8.0,8.0,1,-1,-1,-1
90,103,268.0,368.0,8.0,10.0,1,-1,-1,-1
95,103,266.0,358.0,8.0,10.0,1,-1,-1,-1
25,104,308.0,542.0,8.0,10.0,1,-1,-1,-1
30,104,308.0,532.0,8.0,10.0,1,-1,-1,-1
35,104,306.0,522.0,8.0,10.0,1,-1,-1,-1
40,104,304.0,510.0,8.0,10.0,1,-1,-1,-1
45,104,302.0,500.0,8.0,10.0,1,-1,-1,-1
50,104,300.0,488.0,8.0,10.0,1,-1,-1,-1
55,104,298.0,478.0,8.0,10.0,1,-1,-1,-1
60,104,296.0,466.0,8.0,9.0,1,-1,-1,-1
65,104,294.0,454.0,8.0,10.0,1,-1,-1,-1
70,104,292.0,444.0,8.0,10.0,1,-1,-1,-1
75,104,290.0,434.0,8.0,8.0,1,-1,-1,-1
80,104,288.0,422.0,8.0,10.0,1,-1,-1,-1
85,104,286.0,410.0,8.0,10.0,1,-1,-1,-1
90,104,284.0,398.0,10.0,10.0,1,-1,-1,-1
15,105,262.0,558.0,10.0,12.0,1,-1,-1,-1
20,105,260.0,544.0,10.0,12.0,1,-1,-1,-1
25,105,258.0,532.0,9.0,10.0,1,-1,-1,-1
30,105,256.0,518.0,8.0,12.0,1,-1,-1,-1
35,105,252.0,504.0,10.0,12.0,1,-1,-1,-1
40,105,250.0,492.0,10.0,10.0,1,-1,-1,-1
45,105,248.0,478.0,10.0,12.0,1,-1,-1,-1
50,105,246.0,464.0,10.0,12.0,1,-1,-1,-1
55,105,246.0,452.0,8.0,10.0,1,-1,-1,-1
60,105,244.0,440.0,10.0,8.0,1,-1,-1,-1
65,105,242.0,424.0,10.0,10.0,1,-1,-1,-1
70,105,240.0,410.0,10.0,10.0,1,-1,-1,-1
80,105,238.0,382.0,10.0,10.0,1,-1,-1,-1
85,105,238.0,368.0,10.0,12.0,1,-1,-1,-1
90,105,238.0,354.0,8.0,12.0,1,-1,-1,-1
95,105,236.0,340.0,10.0,12.0,1,-1,-1,-1
15,106,252.0,520.0,10.0,12.0,1,-1,-1,-1
20,106,248.0,504.0,10.0,12.0,1,-1,-1,-1
25,106,248.0,488.0,7.0,10.0,1,-1,-1,-1
30,106,244.0,470.0,10.0,12.0,1,-1,-1,-1
35,106,242.0,454.0,10.0,12.0,1,-1,-1,-1
40,106,240.0,440.0,10.0,10.0,1,-1,-1,-1
45,106,238.0,422.0,10.0,12.0,1,-1,-1,-1
50,106,236.0,406.0,10.0,10.0,1,-1,-1,-1
60,106,234.0,372.0,10.0,12.0,1,-1,-1,-1
65,106,234.0,356.0,8.0,10.0,1,-1,-1,-1
70,106,234.0,340.0,8.0,10.0,1,-1,-1,-1
75,106,232.0,324.0,10.0,10.0,1,-1,-1,-1
80,106,232.0,306.0,10.0,12.0,1,-1,-1,-1
85,106,232.0,290.0,10.0,12.0,1,-1,-1,-1
90,106,232.0,274.0,10.0,10.0,1,-1,-1,-1
95,106,232.0,258.0,10.0,12.0,1,-1,-1,-1
15,107,288.0,440.0,10.0,12.0,1,-1,-1,-1
20,107,286.0,428.0,10.0,12.0,1,-1,-1,-1
25,107,284.0,416.0,10.0,14.0,1,-1,-1,-1
30,107,282.0,406.0,10.0,12.0,1,-1,-1,-1
35,107,280.0,396.0,10.0,10.0,1,-1,-1,-1
40,107,278.0,384.0,10.0,8.0,1,-1,-1,-1
45,107,276.0,372.0,10.0,12.0,1,-1,-1,-1
50,107,276.0,360.0,8.0,12.0,1,-1,-1,-1
55,107,274.0,348.0,10.0,12.0,1,-1,-1,-1
60,107,272.0,336.0,10.0,12.0,1,-1,-1,-1
65,107,272.0,324.0,8.0,12.0,1,-1,-1,-1
70,107,270.0,312.0,10.0,12.0,1,-1,-1,-1
75,107,270.0,300.0,9.0,12.0,1,-1,-1,-1
80,107,270.0,288.0,8.0,12.0,1,-1,-1,-1
85,107,268.0,276.0,10.0,12.0,1,-1,-1,-1
15,108,280.0,366.0,8.0,12.0,1,-1,-1,-1
20,108,278.0,356.0,10.0,12.0,1,-1,-1,-1
25,108,276.0,346.0,10.0,10.0,1,-1,-1,-1
30,108,276.0,336.0,8.0,10.0,1,-1,-1,-1
35,108,274.0,326.0,10.0,10.0,1,-1,-1,-1
40,108,274.0,314.0,8.0,12.0,1,-1,-1,-1
45,108,272.0,304.0,10.0,12.0,1,-1,-1,-1
50,108,272.0,294.0,8.0,10.0,1,-1,-1,-1
55,108,270.0,284.0,10.0,10.0,1,-1,-1,-1
60,108,270.0,272.0,10.0,12.0,1,-1,-1,-1
65,108,270.0,262.0,8.0,10.0,1,-1,-1,-1
70,108,270.0,252.0,8.0,10.0,1,-1,-1,-1
75,108,270.0,242.0,10.0,10.0,1,-1,-1,-1
80,108,270.0,230.0,10.0,12.0,1,-1,-1,-1
85,108,270.0,220.0,10.0,12.0,1,-1,-1,-1
90,108,272.0,210.0,8.0,12.0,1,-1,-1,-1
95,108,272.0,200.0,9.0,12.0,1,-1,-1,-1
15,109,376.0,6.0,12.0,10.0,1,-1,-1,-1
20,109,382.0,8.0,12.0,10.0,1,-1,-1,-1
25,109,388.0,10.0,12.0,10.0,1,-1,-1,-1
30,109,394.0,14.0,10.0,10.0,1,-1,-1,-1
35,109,398.0,16.0,10.0,10.0,1,-1,-1,-1
40,109,402.0,18.0,10.0,12.0,1,-1,-1,-1
45,109,404.0,22.0,12.0,10.0,1,-1,-1,-1
50,109,408.0,24.0,12.0,10.0,1,-1,-1,-1
55,109,412.0,26.0,12.0,12.0,1,-1,-1,-1
60,109,418.0,30.0,10.0,10.0,1,-1,-1,-1
65,109,422.0,32.0,12.0,10.0,1,-1,-1,-1
70,109,428.0,34.0,12.0,10.0,1,-1,-1,-1
75,109,434.0,36.0,10.0,10.0,1,-1,-1,-1
80,109,440.0,40.0,12.0,10.0,1,-1,-1,-1
85,109,448.0,42.0,10.0,10.0,1,-1,-1,-1
90,109,454.0,46.0,10.0,10.0,1,-1,-1,-1
95,109,460.0,48.0,12.0,10.0,1,-1,-1,-1
15,110,458.0,38.0,10.0,10.0,1,-1,-1,-1
20,110,468.0,42.0,10.0,10.0,1,-1,-1,-1
25,110,478.0,46.0,10.0,10.0,1,-1,-1,-1
30,110,488.0,50.0,12.0,10.0,1,-1,-1,-1
35,110,500.0,54.0,10.0,10.0,1,-1,-1,-1
40,110,510.0,58.0,10.0,10.0,1,-1,-1,-1
45,110,520.0,62.0,10.0,8.0,1,-1,-1,-1
50,110,530.0,64.0,12.0,10.0,1,-1,-1,-1
55,110,540.0,68.0,12.0,10.0,1,-1,-1,-1
60,110,550.0,72.0,10.0,10.0,1,-1,-1,-1
65,110,560.0,76.0,10.0,10.0,1,-1,-1,-1
70,110,570.0,80.0,10.0,10.0,1,-1,-1,-1
75,110,578.0,82.0,12.0,10.0,1,-1,-1,-1
80,110,588.0,86.0,10.0,10.0,1,-1,-1,-1
85,110,596.0,90.0,12.0,8.0,1,-1,-1,-1
90,110,606.0,92.0,10.0,10.0,1,-1,-1,-1
95,110,614.0,96.0,10.0,10.0,1,-1,-1,-1
15,111,480.0,40.0,12.0,10.0,1,-1,-1,-1
20,111,490.0,44.0,10.0,10.0,1,-1,-1,-1
25,111,498.0,48.0,12.0,8.0,1,-1,-1,-1
30,111,508.0,50.0,10.0,10.0,1,-1,-1,-1
35,111,516.0,54.0,12.0,10.0,1,-1,-1,-1
40,111,526.0,58.0,10.0,10.0,1,-1,-1,-1
45,111,534.0,60.0,10.0,10.0,1,-1,-1,-1
50,111,542.0,64.0,12.0,10.0,1,-1,-1,-1
55,111,552.0,68.0,10.0,8.0,1,-1,-1,-1
60,111,560.0,70.0,12.0,10.0,1,-1,-1,-1
65,111,570.0,74.0,10.0,10.0,1,-1,-1,-1
70,111,578.0,78.0,12.0,10.0,1,-1,-1,-1
75,111,588.0,80.0,10.0,10.0,1,-1,-1,-1
80,111,596.0,84.0,12.0,10.0,1,-1,-1,-1
85,111,606.0,88.0,10.0,10.0,1,-1,-1,-1
90,111,614.0,90.0,12.0,10.0,1,-1,-1,-1
95,111,624.0,94.0,10.0,10.0,1,-1,-1,-1
15,112,502.0,52.0,12.0,8.0,1,-1,-1,-1
20,112,510.0,54.0,12.0,8.0,1,-1,-1,-1
25,112,518.0,56.0,12.0,10.0,1,-1,-1,-1
30,112,526.0,60.0,12.0,10.0,1,-1,-1,-1
35,112,534.0,62.0,12.0,10.0,1,-1,-1,-1
40,112,542.0,66.0,12.0,10.0,1,-1,-1,-1
45,112,550.0,70.0,12.0,8.0,1,-1,-1,-1
50,112,558.0,72.0,12.0,10.0,1,-1,-1,-1
55,112,568.0,76.0,10.0,8.0,1,-1,-1,-1
60,112,576.0,78.0,10.0,10.0,1,-1,-1,-1
65,112,584.0,82.0,10.0,10.0,1,-1,-1,-1
70,112,592.0,86.0,10.0,8.0,1,-1,-1,-1
75,112,600.0,88.0,10.0,10.0,1,-1,-1,-1
80,112,608.0,92.0,10.0,10.0,1,-1,-1,-1
85,112,616.0,96.0,10.0,8.0,1,-1,-1,-1
90,112,624.0,98.0,10.0,10.0,1,-1,-1,-1
15,113,524.0,56.0,10.0,10.0,1,-1,-1,-1
20,113,532.0,60.0,10.0,10.0,1,-1,-1,-1
25,113,540.0,62.0,10.0,10.0,1,-1,-1,-1
30,113,548.0,66.0,10.0,10.0,1,-1,-1,-1
35,113,554.0,70.0,12.0,8.0,1,-1,-1,-1
40,113,562.0,72.0,12.0,10.0,1,-1,-1,-1
45,113,570.0,76.0,10.0,8.0,1,-1,-1,-1
50,113,578.0,78.0,10.0,10.0,1,-1,-1,-1
55,113,586.0,82.0,10.0,10.0,1,-1,-1,-1
60,113,594.0,84.0,10.0,10.0,1,-1,-1,-1
65,113,602.0,88.0,10.0,10.0,1,-1,-1,-1
70,113,610.0,92.0,10.0,8.0,1,-1,-1,-1
75,113,618.0,94.0,10.0,10.0,1,-1,-1,-1
80,113,626.0,98.0,10.0,10.0,1,-1,-1,-1
85,113,636.0,102.0,8.0,8.0,1,-1,-1,-1
90,113,642.0,104.0,12.0,10.0,1,-1,-1,-1
95,113,650.0,108.0,12.0,8.0,1,-1,-1,-1
15,114,536.0,58.0,16.0,12.0,1,-1,-1,-1
20,114,546.0,62.0,14.0,12.0,1,-1,-1,-1
25,114,554.0,66.0,14.0,10.0,1,-1,-1,-1
30,114,562.0,70.0,16.0,10.0,1,-1,-1,-1
35,114,572.0,74.0,14.0,10.0,1,-1,-1,-1
40,114,580.0,76.0,14.0,12.0,1,-1,-1,-1
45,114,588.0,80.0,14.0,12.0,1,-1,-1,-1
50,114,598.0,84.0,14.0,12.0,1,-1,-1,-1
55,114,606.0,88.0,14.0,12.0,1,-1,-1,-1
60,114,614.0,92.0,14.0,10.0,1,-1,-1,-1
65,114,622.0,96.0,14.0,10.0,1,-1,-1,-1
70,114,630.0,100.0,10.0,8.0,1,-1,-1,-1
75,114,640.0,104.0,12.0,10.0,1,-1,-1,-1
80,114,648.0,108.0,12.0,10.0,1,-1,-1,-1
85,114,660.0,112.0,10.0,10.0,1,-1,-1,-1
90,114,664.0,114.0,14.0,12.0,1,-1,-1,-1
95,114,672.0,118.0,14.0,12.0,1,-1,-1,-1
15,115,546.0,68.0,12.0,10.0,1,-1,-1,-1
20,115,554.0,72.0,12.0,10.0,1,-1,-1,-1
25,115,564.0,74.0,10.0,10.0,1,-1,-1,-1
30,115,572.0,78.0,12.0,10.0,1,-1,-1,-1
35,115,582.0,82.0,10.0,10.0,1,-1,-1,-1
45,115,600.0,88.0,12.0,10.0,1,-1,-1,-1
50,115,610.0,92.0,10.0,10.0,1,-1,-1,-1
55,115,620.0,96.0,10.0,10.0,1,-1,-1,-1
60,115,628.0,100.0,10.0,8.0,1,-1,-1,-1
65,115,638.0,104.0,10.0,8.0,1,-1,-1,-1
70,115,648.0,106.0,10.0,10.0,1,-1,-1,-1
75,115,660.0,110.0,8.0,10.0,1,-1,-1,-1
80,115,666.0,114.0,12.0,10.0,1,-1,-1,-1
85,115,676.0,118.0,12.0,10.0,1,-1,-1,-1
90,115,686.0,122.0,8.0,10.0,1,-1,-1,-1
95,115,696.0,126.0,10.0,8.0,1,-1,-1,-1
15,116,566.0,66.0,10.0,10.0,1,-1,-1,-1
25,116,588.0,76.0,12.0,10.0,1,-1,-1,-1
35,116,612.0,86.0,10.0,8.0,1,-1,-1,-1
40,116,624.0,90.0,10.0,10.0,1,-1,-1,-1
45,116,636.0,96.0,10.0,10.0,1,-1,-1,-1
50,116,646.0,100.0,12.0,10.0,1,-1,-1,-1
55,116,660.0,106.0,8.0,10.0,1,-1,-1,-1
60,116,670.0,110.0,10.0,10.0,1,-1,-1,-1
65,116,680.0,116.0,12.0,10.0,1,-1,-1,-1
70,116,690.0,122.0,12.0,8.0,1,-1,-1,-1
75,116,702.0,126.0,10.0,10.0,1,-1,-1,-1
80,116,712.0,132.0,10.0,8.0,1,-1,-1,-1
85,116,722.0,136.0,10.0,10.0,1,-1,-1,-1
90,116,732.0,142.0,10.0,8.0,1,-1,-1,-1
95,116,744.0,146.0,8.0,10.0,1,-1,-1,-1
15,117,576.0,62.0,18.0,14.0,1,-1,-1,-1
20,117,568.0,60.0,18.0,14.0,1,-1,-1,-1
25,117,560.0,56.0,18.0,14.0,1,-1,-1,-1
30,117,552.0,53.0,18.0,13.0,1,-1,-1,-1
35,117,544.0,50.0,18.0,14.0,1,-1,-1,-1
40,117,536.0,46.0,18.0,14.0,1,-1,-1,-1
45,117,530.0,44.0,18.0,14.0,1,-1,-1,-1
50,117,522.0,40.0,18.0,14.0,1,-1,-1,-1
55,117,514.0,36.0,18.0,14.0,1,-1,-1,-1
60,117,506.0,34.0,18.0,14.0,1,-1,-1,-1
65,117,500.0,30.0,18.0,14.0,1,-1,-1,-1
70,117,492.0,28.0,18.0,14.0,1,-1,-1,-1
75,117,486.0,24.0,16.0,14.0,1,-1,-1,-1
80,117,478.0,22.0,18.0,14.0,1,-1,-1,-1
85,117,470.0,18.0,18.0,14.0,1,-1,-1,-1
90,117,464.0,16.0,18.0,14.0,1,-1,-1,-1
95,117,458.0,12.0,16.0,14.0,1,-1,-1,-1
15,118,642.0,102.0,12.0,10.0,1,-1,-1,-1
20,118,650.0,106.0,12.0,10.0,1,-1,-1,-1
25,118,660.0,108.0,10.0,10.0,1,-1,-1,-1
30,118,668.0,112.0,12.0,10.0,1,-1,-1,-1
35,118,676.0,116.0,12.0,10.0,1,-1,-1,-1
40,118,684.0,120.0,10.0,10.0,1,-1,-1,-1
45,118,694.0,124.0,12.0,10.0,1,-1,-1,-1
50,118,702.0,128.0,12.0,10.0,1,-1,-1,-1
55,118,712.0,132.0,12.0,10.0,1,-1,-1,-1
60,118,720.0,134.0,12.0,10.0,1,-1,-1,-1
65,118,728.0,138.0,12.0,10.0,1,-1,-1,-1
70,118,738.0,142.0,12.0,10.0,1,-1,-1,-1
80,118,756.0,150.0,10.0,10.0,1,-1,-1,-1
85,118,764.0,154.0,12.0,10.0,1,-1,-1,-1
90,118,772.0,158.0,12.0,10.0,1,-1,-1,-1
95,118,780.0,162.0,12.0,10.0,1,-1,-1,-1
15,119,652.0,110.0,12.0,10.0,1,-1,-1,-1
20,119,662.0,114.0,12.0,10.0,1,-1,-1,-1
25,119,670.0,118.0,12.0,10.0,1,-1,-1,-1
30,119,680.0,121.0,10.0,11.0,1,-1,-1,-1
35,119,688.0,124.0,12.0,10.0,1,-1,-1,-1
40,119,698.0,128.0,10.0,10.0,1,-1,-1,-1
45,119,706.0,132.0,10.0,10.0,1,-1,-1,-1
50,119,714.0,136.0,12.0,10.0,1,-1,-1,-1
55,119,722.0,140.0,12.0,10.0,1,-1,-1,-1
60,119,732.0,143.0,10.0,11.0,1,-1,-1,-1
65,119,744.0,146.0,6.0,10.0,1,-1,-1,-1
70,119,750.0,151.0,10.0,9.0,1,-1,-1,-1
75,119,756.0,154.0,12.0,10.0,1,-1,-1,-1
80,119,764.0,158.0,12.0,10.0,1,-1,-1,-1
85,119,772.0,162.0,12.0,10.0,1,-1,-1,-1
90,119,780.0,166.0,12.0,10.0,1,-1,-1,-1
95,119,788.0,170.0,12.0,10.0,1,-1,-1,-1
15,120,672.0,102.0,12.0,10.0,1,-1,-1,-1
20,120,662.0,98.0,12.0,10.0,1,-1,-1,-1
25,120,660.0,94.0,6.0,10.0,1,-1,-1,-1
35,120,636.0,86.0,10.0,10.0,1,-1,-1,-1
40,120,626.0,82.0,12.0,10.0,1,-1,-1,-1
45,120,618.0,78.0,12.0,10.0,1,-1,-1,-1
50,120,610.0,74.0,12.0,10.0,1,-1,-1,-1
55,120,600.0,70.0,12.0,10.0,1,-1,-1,-1
60,120,592.0,66.0,12.0,10.0,1,-1,-1,-1
65,120,584.0,64.0,12.0,10.0,1,-1,-1,-1
70,120,576.0,60.0,12.0,10.0,1,-1,-1,-1
75,120,568.0,56.0,12.0,10.0,1,-1,-1,-1
80,120,560.0,54.0,12.0,10.0,1,-1,-1,-1
85,120,552.0,50.0,12.0,10.0,1,-1,-1,-1
90,120,544.0,46.0,12.0,10.0,1,-1,-1,-1
95,120,536.0,44.0,12.0,10.0,1,-1,-1,-1
15,121,814.0,160.0,10.0,10.0,1,-1,-1,-1
25,121,796.0,152.0,10.0,10.0,1,-1,-1,-1
30,121,786.0,148.0,10.0,8.0,1,-1,-1,-1
35,121,776.0,142.0,12.0,10.0,1,-1,-1,-1
40,121,768.0,138.0,10.0,10.0,1,-1,-1,-1
45,121,758.0,134.0,8.0,10.0,1,-1,-1,-1
50,121,746.0,128.0,12.0,10.0,1,-1,-1,-1
55,121,738.0,124.0,10.0,10.0,1,-1,-1,-1
60,121,726.0,120.0,10.0,8.0,1,-1,-1,-1
65,121,716.0,116.0,10.0,8.0,1,-1,-1,-1
70,121,706.0,112.0,10.0,8.0,1,-1,-1,-1
80,121,684.0,102.0,10.0,8.0,1,-1,-1,-1
85,121,674.0,98.0,10.0,10.0,1,-1,-1,-1
90,121,664.0,94.0,8.0,8.0,1,-1,-1,-1
95,121,652.0,90.0,10.0,8.0,1,-1,-1,-1
15,122,864.0,184.0,12.0,10.0,1,-1,-1,-1
20,122,854.0,180.0,12.0,10.0,1,-1,-1,-1
25,122,846.0,176.0,12.0,10.0,1,-1,-1,-1
30,122,838.0,174.0,10.0,8.0,1,-1,-1,-1
35,122,828.0,170.0,12.0,8.0,1,-1,-1,-1
40,122,818.0,164.0,12.0,10.0,1,-1,-1,-1
45,122,810.0,162.0,12.0,8.0,1,-1,-1,-1
50,122,802.0,158.0,10.0,8.0,1,-1,-1,-1
55,122,794.0,154.0,10.0,8.0,1,-1,-1,-1
60,122,784.0,150.0,12.0,8.0,1,-1,-1,-1
65,122,774.0,146.0,14.0,10.0,1,-1,-1,-1
70,122,766.0,142.0,12.0,10.0,1,-1,-1,-1
85,122,744.0,132.0,10.0,10.0,1,-1,-1,-1
90,122,734.0,128.0,12.0,10.0,1,-1,-1,-1
95,122,724.0,124.0,12.0,10.0,1,-1,-1,-1
15,123,826.0,296.0,10.0,10.0,1,-1,-1,-1
20,123,822.0,294.0,10.0,10.0,1,-1,-1,-1
25,123,816.0,292.0,10.0,10.0,1,-1,-1,-1
30,123,812.0,290.0,10.0,10.0,1,-1,-1,-1
40,123,802.0,286.0,10.0,8.0,1,-1,-1,-1
45,123,798.0,284.0,10.0,10.0,1,-1,-1,-1
50,123,794.0,282.0,10.0,10.0,1,-1,-1,-1
55,123,788.0,280.0,12.0,10.0,1,-1,-1,-1
60,123,784.0,278.0,10.0,10.0,1,-1,-1,-1
65,123,780.0,276.0,10.0,10.0,1,-1,-1,-1
70,123,774.0,274.0,12.0,10.0,1,-1,-1,-1
75,123,770.0,272.0,12.0,10.0,1,-1,-1,-1
80,123,766.0,270.0,10.0,10.0,1,-1,-1,-1
85,123,762.0,268.0,10.0,10.0,1,-1,-1,-1
90,123,758.0,268.0,10.0,8.0,1,-1,-1,-1
95,123,752.0,266.0,12.0,8.0,1,-1,-1,-1
15,124,618.0,316.0,10.0,8.0,1,-1,-1,-1
20,124,624.0,318.0,12.0,10.0,1,-1,-1,-1
25,124,632.0,320.0,10.0,10.0,1,-1,-1,-1
30,124,638.0,324.0,12.0,10.0,1,-1,-1,-1
35,124,646.0,328.0,10.0,8.0,1,-1,-1,-1
40,124,654.0,330.0,10.0,10.0,1,-1,-1,-1
45,124,660.0,334.0,12.0,10.0,1,-1,-1,-1
50,124,668.0,338.0,10.0,8.0,1,-1,-1,-1
55,124,676.0,342.0,10.0,8.0,1,-1,-1,-1
60,124,684.0,344.0,10.0,10.0,1,-1,-1,-1
65,124,692.0,348.0,12.0,10.0,1,-1,-1,-1
70,124,700.0,352.0,12.0,10.0,1,-1,-1,-1
75,124,710.0,356.0,10.0,10.0,1,-1,-1,-1
80,124,718.0,360.0,10.0,10.0,1,-1,-1,-1
85,124,726.0,364.0,12.0,10.0,1,-1,-1,-1
90,124,736.0,368.0,10.0,10.0,1,-1,-1,-1
95,124,744.0,372.0,10.0,8.0,1,-1,-1,-1
15,125,374.0,200.0,10.0,14.0,1,-1,-1,-1
25,125,374.0,188.0,10.0,12.0,1,-1,-1,-1
30,125,374.0,182.0,10.0,10.0,1,-1,-1,-1
35,125,376.0,174.0,8.0,12.0,1,-1,-1,-1
40,125,376.0,168.0,10.0,12.0,1,-1,-1,-1
45,125,376.0,162.0,10.0,12.0,1,-1,-1,-1
50,125,378.0,158.0,10.0,10.0,1,-1,-1,-1
55,125,378.0,152.0,10.0,10.0,1,-1,-1,-1
60,125,382.0,146.0,10.0,12.0,1,-1,-1,-1
65,125,384.0,142.0,10.0,12.0,1,-1,-1,-1
70,125,386.0,138.0,10.0,10.0,1,-1,-1,-1
75,125,390.0,134.0,10.0,12.0,1,-1,-1,-1
80,125,394.0,132.0,10.0,10.0,1,-1,-1,-1
85,125,398.0,130.0,10.0,10.0,1,-1,-1,-1
90,125,402.0,128.0,12.0,10.0,1,-1,-1,-1
95,125,406.0,128.0,12.0,10.0,1,-1,-1,-1
15,126,478.0,722.0,10.0,10.0,1,-1,-1,-1
20,126,480.0,726.0,10.0,10.0,1,-1,-1,-1
25,126,484.0,730.0,8.0,10.0,1,-1,-1,-1
30,126,484.0,734.0,10.0,10.0,1,-1,-1,-1
35,126,486.0,738.0,10.0,10.0,1,-1,-1,-1
40,126,490.0,744.0,8.0,8.0,1,-1,-1,-1
45,126,492.0,748.0,10.0,10.0,1,-1,-1,-1
50,126,494.0,752.0,10.0,10.0,1,-1,-1,-1
60,126,500.0,764.0,8.0,9.0,1,-1,-1,-1
65,126,502.0,770.0,9.0,8.0,1,-1,-1,-1
70,126,506.0,774.0,8.0,10.0,1,-1,-1,-1
85,126,514.0,794.0,10.0,8.0,1,-1,-1,-1
90,126,518.0,798.0,10.0,10.0,1,-1,-1,-1
95,126,520.0,806.0,12.0,10.0,1,-1,-1,-1
15,127,560.0,862.0,10.0,12.0,1,-1,-1,-1
20,127,556.0,856.0,10.0,12.0,1,-1,-1,-1
25,127,552.0,850.0,12.0,12.0,1,-1,-1,-1
30,127,550.0,844.0,10.0,12.0,1,-1,-1,-1
40,127,542.0,832.0,11.0,12.0,1,-1,-1,-1
45,127,540.0,826.0,10.0,12.0,1,-1,-1,-1
50,127,536.0,820.0,10.0,10.0,1,-1,-1,-1
55,127,534.0,814.0,10.0,10.0,1,-1,-1,-1
60,127,530.0,808.0,10.0,10.0,1,-1,-1,-1
65,127,528.0,800.0,10.0,12.0,1,-1,-1,-1
70,127,524.0,794.0,10.0,12.0,1,-1,-1,-1
75,127,522.0,788.0,10.0,12.0,1,-1,-1,-1
80,127,518.0,782.0,10.0,12.0,1,-1,-1,-1
85,127,516.0,776.0,10.0,12.0,1,-1,-1,-1
90,127,512.0,770.0,10.0,10.0,1,-1,-1,-1
95,127,510.0,764.0,10.0,12.0,1,-1,-1,-1
15,128,894.0,874.0,10.0,10.0,1,-1,-1,-1
20,128,896.0,874.0,12.0,10.0,1,-1,-1,-1
25,128,900.0,874.0,12.0,10.0,1,-1,-1,-1
30,128,904.0,872.0,10.0,10.0,1,-1,-1,-1
35,128,908.0,872.0,6.0,10.0,1,-1,-1,-1
40,128,912.0,872.0,12.0,8.0,1,-1,-1,-1
45,128,916.0,870.0,12.0,10.0,1,-1,-1,-1
50,128,920.0,870.0,12.0,10.0,1,-1,-1,-1
55,128,926.0,870.0,10.0,8.0,1,-1,-1,-1
60,128,928.0,868.0,12.0,10.0,1,-1,-1,-1
65,128,932.0,868.0,12.0,10.0,1,-1,-1,-1
70,128,936.0,868.0,10.0,10.0,1,-1,-1,-1
75,128,938.0,868.0,10.0,10.0,1,-1,-1,-1
80,128,940.0,868.0,12.0,10.0,1,-1,-1,-1
85,128,942.0,868.0,12.0,10.0,1,-1,-1,-1
90,128,944.0,868.0,10.0,10.0,1,-1,-1,-1
95,128,944.0,868.0,12.0,10.0,1,-1,-1,-1
15,129,28.0,734.0,10.0,10.0,1,-1,-1,-1
20,129,38.0,736.0,12.0,10.0,1,-1,-1,-1
25,129,50.0,738.0,12.0,10.0,1,-1,-1,-1
30,129,62.0,740.0,10.0,10.0,1,-1,-1,-1
35,129,74.0,744.0,10.0,6.0,1,-1,-1,-1
40,129,84.0,744.0,12.0,8.0,1,-1,-1,-1
45,129,96.0,744.0,10.0,8.0,1,-1,-1,-1
50,129,108.0,744.0,10.0,10.0,1,-1,-1,-1
55,129,118.0,746.0,11.0,8.0,1,-1,-1,-1
60,129,130.0,746.0,10.0,10.0,1,-1,-1,-1
65,129,140.0,748.0,12.0,8.0,1,-1,-1,-1
70,129,152.0,748.0,10.0,10.0,1,-1,-1,-1
75,129,162.0,748.0,12.0,10.0,1,-1,-1,-1
80,129,174.0,750.0,10.0,10.0,1,-1,-1,-1
85,129,184.0,750.0,12.0,10.0,1,-1,-1,-1
90,129,194.0,752.0,12.0,10.0,1,-1,-1,-1
95,129,206.0,754.0,10.0,10.0,1,-1,-1,-1
15,130,60.0,456.0,14.0,10.0,1,-1,-1,-1
20,130,66.0,458.0,12.0,10.0,1,-1,-1,-1
30,130,74.0,460.0,14.0,12.0,1,-1,-1,-1
35,130,78.0,462.0,14.0,10.0,1,-1,-1,-1
40,130,82.0,464.0,14.0,10.0,1,-1,-1,-1
45,130,86.0,464.0,14.0,10.0,1,-1,-1,-1
50,130,88.0,466.0,14.0,8.0,1,-1,-1,-1
55,130,92.0,466.0,14.0,9.0,1,-1,-1,-1
60,130,94.0,466.0,14.0,12.0,1,-1,-1,-1
65,130,96.0,468.0,14.0,10.0,1,-1,-1,-1
70,130,98.0,468.0,14.0,10.0,1,-1,-1,-1
75,130,100.0,468.0,14.0,10.0,1,-1,-1,-1
80,130,100.0,468.0,14.0,12.0,1,-1,-1,-1
85,130,102.0,468.0,14.0,12.0,1,-1,-1,-1
90,130,102.0,470.0,14.0,10.0,1,-1,-1,-1
15,131,60.0,438.0,12.0,10.0,1,-1,-1,-1
20,131,60.0,438.0,8.0,8.0,1,-1,-1,-1
25,131,56.0,436.0,8.0,10.0,1,-1,-1,-1
30,131,52.0,434.0,8.0,10.0,1,-1,-1,-1
35,131,48.0,432.0,8.0,10.0,1,-1,-1,-1
40,131,42.0,430.0,10.0,10.0,1,-1,-1,-1
45,131,38.0,428.0,10.0,10.0,1,-1,-1,-1
50,131,34.0,426.0,10.0,10.0,1,-1,-1,-1
55,131,30.0,424.0,10.0,10.0,1,-1,-1,-1
60,131,26.0,422.0,10.0,10.0,1,-1,-1,-1
65,131,22.0,420.0,10.0,10.0,1,-1,-1,-1
70,131,18.0,418.0,10.0,10.0,1,-1,-1,-1
75,131,16.0,416.0,8.0,10.0,1,-1,-1,-1
90,131,4.0,410.0,12.0,10.0,1,-1,-1,-1
95,131,2.0,410.0,10.0,8.0,1,-1,-1,-1
15,132,82.0,432.0,10.0,10.0,1,-1,-1,-1
20,132,80.0,436.0,10.0,8.0,1,-1,-1,-1
25,132,78.0,436.0,10.0,10.0,1,-1,-1,-1
30,132,76.0,440.0,10.0,8.0,1,-1,-1,-1
35,132,74.0,440.0,10.0,8.0,1,-1,-1,-1
40,132,72.0,440.0,10.0,10.0,1,-1,-1,-1
45,132,70.0,440.0,10.0,10.0,1,-1,-1,-1
50,132,66.0,440.0,10.0,10.0,1,-1,-1,-1
55,132,64.0,440.0,8.0,10.0,1,-1,-1,-1
60,132,60.0,440.0,10.0,8.0,1,-1,-1,-1
65,132,56.0,440.0,10.0,6.0,1,-1,-1,-1
70,132,52.0,436.0,10.0,10.0,1,-1,-1,-1
75,132,48.0,434.0,10.0,10.0,1,-1,-1,-1
80,132,44.0,432.0,10.0,10.0,1,-1,-1,-1
85,132,38.0,430.0,10.0,10.0,1,-1,-1,-1
90,132,34.0,428.0,10.0,10.0,1,-1,-1,-1
95,132,30.0,426.0,10.0,10.0,1,-1,-1,-1
15,133,446.0,26.0,10.0,10.0,1,-1,-1,-1
20,133,454.0,30.0,12.0,10.0,1,-1,-1,-1
35,133,484.0,42.0,10.0,10.0,1,-1,-1,-1
40,133,494.0,44.0,10.0,10.0,1,-1,-1,-1
45,133,502.0,48.0,10.0,10.0,1,-1,-1,-1
50,133,510.0,52.0,10.0,10.0,1,-1,-1,-1
55,133,518.0,54.0,10.0,10.0,1,-1,-1,-1
60,133,528.0,58.0,10.0,10.0,1,-1,-1,-1
65,133,536.0,62.0,10.0,10.0,1,-1,-1,-1
75,133,554.0,70.0,10.0,8.0,1,-1,-1,-1
80,133,562.0,72.0,10.0,10.0,1,-1,-1,-1
85,133,570.0,76.0,12.0,10.0,1,-1,-1,-1
90,133,580.0,80.0,10.0,10.0,1,-1,-1,-1
95,133,588.0,84.0,10.0,10.0,1,-1,-1,-1
15,134,234.0,0.0,10.0,6.0,1,-1,-1,-1
25,134,234.0,22.0,10.0,10.0,1,-1,-1,-1
30,134,232.0,34.0,10.0,12.0,1,-1,-1,-1
35,134,232.0,48.0,10.0,10.0,1,-1,-1,-1
40,134,232.0,60.0,9.0,12.0,1,-1,-1,-1
45,134,230.0,74.0,10.0,10.0,1,-1,-1,-1
50,134,230.0,88.0,10.0,10.0,1,-1,-1,-1
55,134,230.0,100.0,8.0,10.0,1,-1,-1,-1
60,134,228.0,114.0,10.0,10.0,1,-1,-1,-1
65,134,228.0,128.0,10.0,10.0,1,-1,-1,-1
70,134,228.0,140.0,10.0,12.0,1,-1,-1,-1
75,134,226.0,154.0,10.0,12.0,1,-1,-1,-1
80,134,226.0,168.0,10.0,12.0,1,-1,-1,-1
85,134,224.0,182.0,10.0,10.0,1,-1,-1,-1
90,134,224.0,196.0,10.0,10.0,1,-1,-1,-1
95,134,224.0,210.0,10.0,10.0,1,-1,-1,-1
15,135,224.0,6.0,10.0,10.0,1,-1,-1,-1
25,135,222.0,28.0,10.0,10.0,1,-1,-1,-1
30,135,222.0,38.0,10.0,12.0,1,-1,-1,-1
35,135,222.0,50.0,8.0,10.0,1,-1,-1,-1
40,135,220.0,60.0,10.0,10.0,1,-1,-1,-1
45,135,220.0,70.0,10.0,12.0,1,-1,-1,-1
50,135,220.0,82.0,10.0,10.0,1,-1,-1,-1
55,135,220.0,92.0,8.0,11.0,1,-1,-1,-1
60,135,220.0,102.0,8.0,12.0,1,-1,-1,-1
65,135,220.0,112.0,8.0,12.0,1,-1,-1,-1
70,135,220.0,123.0,8.0,11.0,1,-1,-1,-1
75,135,220.0,132.0,6.0,12.0,1,-1,-1,-1
80,135,220.0,144.0,6.0,10.0,1,-1,-1,-1
85,135,216.0,154.0,10.0,10.0,1,-1,-1,-1
90,135,216.0,164.0,8.0,10.0,1,-1,-1,-1
95,135,214.0,174.0,10.0,12.0,1,-1,-1,-1
15,136,316.0,822.0,10.0,11.0,1,-1,-1,-1
20,136,320.0,832.0,10.0,10.0,1,-1,-1,-1
25,136,324.0,842.0,10.0,10.0,1,-1,-1,-1
30,136,328.0,850.0,10.0,10.0,1,-1,-1,-1
35,136,332.0,860.0,10.0,10.0,1,-1,-1,-1
40,136,336.0,868.0,11.0,12.0,1,-1,-1,-1
45,136,342.0,878.0,10.0,10.0,1,-1,-1,-1
50,136,346.0,886.0,12.0,12.0,1,-1,-1,-1
55,136,352.0,896.0,10.0,12.0,1,-1,-1,-1
60,136,358.0,906.0,10.0,10.0,1,-1,-1,-1
65,136,364.0,914.0,10.0,12.0,1,-1,-1,-1
70,136,368.0,924.0,10.0,10.0,1,-1,-1,-1
75,136,374.0,934.0,10.0,10.0,1,-1,-1,-1
80,136,380.0,942.0,10.0,12.0,1,-1,-1,-1
85,136,384.0,952.0,10.0,10.0,1,-1,-1,-1
90,136,390.0,962.0,10.0,10.0,1,-1,-1,-1
95,136,394.0,970.0,12.0,12.0,1,-1,-1,-1
15,137,414.0,850.0,10.0,12.0,1,-1,-1,-1
20,137,406.0,838.0,12.0,12.0,1,-1,-1,-1
25,137,400.0,828.0,10.0,10.0,1,-1,-1,-1
35,137,388.0,804.0,10.0,10.0,1,-1,-1,-1
40,137,382.0,792.0,10.0,10.0,1,-1,-1,-1
45,137,376.0,780.0,10.0,12.0,1,-1,-1,-1
50,137,368.0,768.0,12.0,12.0,1,-1,-1,-1
55,137,362.0,756.0,12.0,12.0,1,-1,-1,-1
60,137,358.0,746.0,8.0,8.0,1,-1,-1,-1
70,137,346.0,724.0,8.0,8.0,1,-1,-1,-1
75,137,342.0,712.0,8.0,10.0,1,-1,-1,-1
80,137,338.0,700.0,8.0,10.0,1,-1,-1,-1
85,137,334.0,688.0,8.0,7.0,1,-1,-1,-1
90,137,330.0,676.0,10.0,12.0,1,-1,-1,-1
95,137,328.0,666.0,10.0,10.0,1,-1,-1,-1
15,138,246.0,422.0,8.0,12.0,1,-1,-1,-1
20,138,244.0,410.0,10.0,12.0,1,-1,-1,-1
35,138,240.0,372.0,10.0,12.0,1,-1,-1,-1
40,138,240.0,360.0,10.0,10.0,1,-1,-1,-1
45,138,240.0,348.0,10.0,10.0,1,-1,-1,-1
50,138,240.0,334.0,8.0,12.0,1,-1,-1,-1
55,138,238.0,322.0,10.0,12.0,1,-1,-1,-1
60,138,238.0,310.0,10.0,12.0,1,-1,-1,-1
65,138,238.0,296.0,10.0,12.0,1,-1,-1,-1
70,138,238.0,284.0,10.0,12.0,1,-1,-1,-1
75,138,240.0,274.0,8.0,10.0,1,-1,-1,-1
80,138,240.0,260.0,9.0,10.0,1,-1,-1,-1
85,138,240.0,248.0,10.0,10.0,1,-1,-1,-1
90,138,240.0,234.0,10.0,12.0,1,-1,-1,-1
95,138,242.0,222.0,9.0,12.0,1,-1,-1,-1
15,139,214.0,450.0,10.0,12.0,1,-1,-1,-1
25,139,220.0,472.0,8.0,10.0,1,-1,-1,-1
30,139,220.0,482.0,8.0,12.0,1,-1,-1,-1
35,139,220.0,492.0,10.0,12.0,1,-1,-1,-1
40,139,222.0,502.0,10.0,12.0,1,-1,-1,-1
45,139,224.0,514.0,10.0,10.0,1,-1,-1,-1
50,139,226.0,524.0,10.0,10.0,1,-1,-1,-1
55,139,228.0,534.0,10.0,12.0,1,-1,-1,-1
60,139,230.0,544.0,10.0,12.0,1,-1,-1,-1
65,139,232.0,556.0,10.0,12.0,1,-1,-1,-1
70,139,234.0,566.0,10.0,12.0,1,-1,-1,-1
75,139,236.0,578.0,12.0,12.0,1,-1,-1,-1
80,139,240.0,590.0,10.0,10.0,1,-1,-1,-1
85,139,242.0,600.0,10.0,12.0,1,-1,-1,-1
90,139,246.0,612.0,8.0,12.0,1,-1,-1,-1
95,139,248.0,622.0,10.0,12.0,1,-1,-1,-1
15,140,800.0,156.0,10.0,10.0,1,-1,-1,-1
25,140,782.0,148.0,12.0,10.0,1,-1,-1,-1
40,140,754.0,136.0,12.0,10.0,1,-1,-1,-1
45,140,746.0,132.0,12.0,10.0,1,-1,-1,-1
50,140,738.0,130.0,10.0,8.0,1,-1,-1,-1
55,140,728.0,124.0,10.0,10.0,1,-1,-1,-1
60,140,720.0,122.0,10.0,8.0,1,-1,-1,-1
65,140,710.0,118.0,10.0,10.0,1,-1,-1,-1
70,140,702.0,114.0,10.0,10.0,1,-1,-1,-1
75,140,692.0,110.0,12.0,10.0,1,-1,-1,-1
80,140,684.0,106.0,10.0,10.0,1,-1,-1,-1
90,140,666.0,98.0,10.0,10.0,1,-1,-1,-1
95,140,660.0,95.0,8.0,9.0,1,-1,-1,-1
15,141,494.0,678.0,10.0,10.0,1,-1,-1,-1
20,141,492.0,676.0,10.0,10.0,1,-1,-1,-1
25,141,488.0,672.0,8.0,8.0,1,-1,-1,-1
30,141,484.0,670.0,10.0,10.0,1,-1,-1,-1
35,141,480.0,670.0,8.0,8.0,1,-1,-1,-1
40,141,474.0,666.0,12.0,10.0,1,-1,-1,-1
45,141,472.0,664.0,10.0,10.0,1,-1,-1,-1
50,141,468.0,662.0,7.0,10.0,1,-1,-1,-1
55,141,464.0,660.0,10.0,10.0,1,-1,-1,-1
60,141,460.0,656.0,10.0,8.0,1,-1,-1,-1
65,141,458.0,650.0,10.0,12.0,1,-1,-1,-1
70,141,456.0,646.0,10.0,10.0,1,-1,-1,-1
75,141,454.0,642.0,10.0,10.0,1,-1,-1,-1
80,141,452.0,636.0,10.0,12.0,1,-1,-1,-1
85,141,450.0,632.0,10.0,10.0,1,-1,-1,-1
90,141,448.0,626.0,10.0,12.0,1,-1,-1,-1
95,141,448.0,622.0,8.0,10.0,1,-1,-1,-1
15,142,220.0,508.0,10.0,10.0,1,-1,-1,-1
25,142,222.0,526.0,10.0,10.0,1,-1,-1,-1
30,142,224.0,534.0,8.0,12.0,1,-1,-1,-1
35,142,224.0,544.0,10.0,10.0,1,-1,-1,-1
40,142,226.0,552.0,8.0,12.0,1,-1,-1,-1
45,142,226.0,562.0,10.0,10.0,1,-1,-1,-1
50,142,228.0,570.0,8.0,10.0,1,-1,-1,-1
55,142,228.0,578.0,10.0,10.0,1,-1,-1,-1
60,142,228.0,586.0,10.0,12.0,1,-1,-1,-1
65,142,230.0,596.0,8.0,10.0,1,-1,-1,-1
70,142,230.0,604.0,8.0,10.0,1,-1,-1,-1
75,142,228.0,612.0,10.0,10.0,1,-1,-1,-1
80,142,228.0,620.0,8.0,10.0,1,-1,-1,-1
90,142,222.0,636.0,10.0,10.0,1,-1,-1,-1
95,142,220.0,644.0,8.0,10.0,1,-1,-1,-1
15,143,784.0,164.0,12.0,8.0,1,-1,-1,-1
20,143,796.0,168.0,10.0,10.0,1,-1,-1,-1
25,143,806.0,174.0,12.0,10.0,1,-1,-1,-1
30,143,816.0,178.0,12.0,10.0,1,-1,-1,-1
35,143,828.0,184.0,10.0,8.0,1,-1,-1,-1
40,143,838.0,188.0,10.0,10.0,1,-1,-1,-1
45,143,848.0,192.0,10.0,10.0,1,-1,-1,-1
50,143,858.0,198.0,12.0,10.0,1,-1,-1,-1
55,143,870.0,202.0,10.0,10.0,1,-1,-1,-1
60,143,880.0,206.0,10.0,10.0,1,-1,-1,-1
65,143,890.0,210.0,12.0,10.0,1,-1,-1,-1
70,143,900.0,216.0,12.0,10.0,1,-1,-1,-1
75,143,912.0,220.0,10.0,10.0,1,-1,-1,-1
80,143,922.0,224.0,10.0,10.0,1,-1,-1,-1
85,143,932.0,228.0,10.0,10.0,1,-1,-1,-1
90,143,942.0,234.0,12.0,8.0,1,-1,-1,-1
15,144,492.0,986.0,8.0,8.0,1,-1,-1,-1
20,144,488.0,978.0,8.0,8.0,1,-1,-1,-1
25,144,484.0,970.0,10.0,8.0,1,-1,-1,-1
30,144,480.0,964.0,10.0,8.0,1,-1,-1,-1
35,144,476.0,956.0,10.0,10.0,1,-1,-1,-1
40,144,472.0,948.0,10.0,10.0,1,-1,-1,-1
50,144,464.0,934.0,10.0,8.0,1,-1,-1,-1
55,144,460.0,926.0,10.0,10.0,1,-1,-1,-1
60,144,456.0,920.0,10.0,8.0,1,-1,-1,-1
65,144,452.0,912.0,10.0,10.0,1,-1,-1,-1
70,144,450.0,904.0,8.0,10.0,1,-1,-1,-1
80,144,442.0,890.0,8.0,8.0,1,-1,-1,-1
85,144,438.0,882.0,8.0,10.0,1,-1,-1,-1
90,144,434.0,876.0,8.0,8.0,1,-1,-1,-1
95,144,430.0,868.0,10.0,10.0,1,-1,-1,-1
15,145,574.0,76.0,12.0,12.0,1,-1,-1,-1
20,145,582.0,80.0,12.0,10.0,1,-1,-1,-1
25,145,590.0,84.0,14.0,10.0,1,-1,-1,-1
30,145,598.0,86.0,14.0,10.0,1,-1,-1,-1
35,145,608.0,90.0,12.0,10.0,1,-1,-1,-1
40,145,616.0,92.0,12.0,12.0,1,-1,-1,-1
45,145,624.0,96.0,14.0,10.0,1,-1,-1,-1
50,145,636.0,100.0,10.0,10.0,1,-1,-1,-1
55,145,642.0,104.0,12.0,10.0,1,-1,-1,-1
60,145,652.0,106.0,12.0,12.0,1,-1,-1,-1
65,145,660.0,110.0,12.0,10.0,1,-1,-1,-1
70,145,668.0,114.0,14.0,10.0,1,-1,-1,-1
75,145,678.0,118.0,12.0,10.0,1,-1,-1,-1
80,145,686.0,122.0,13.0,10.0,1,-1,-1,-1
85,145,694.0,124.0,14.0,12.0,1,-1,-1,-1
90,145,704.0,128.0,12.0,10.0,1,-1,-1,-1
95,145,712.0,132.0,12.0,10.0,1,-1,-1,-1
15,146,238.0,10.0,10.0,10.0,1,-1,-1,-1
20,146,236.0,26.0,10.0,10.0,1,-1,-1,-1
25,146,236.0,44.0,8.0,10.0,1,-1,-1,-1
30,146,234.0,60.0,10.0,10.0,1,-1,-1,-1
35,146,234.0,78.0,8.0,10.0,1,-1,-1,-1
40,146,234.0,94.0,8.0,10.0,1,-1,-1,-1
45,146,232.0,110.0,10.0,12.0,1,-1,-1,-1
50,146,232.0,126.0,8.0,12.0,1,-1,-1,-1
55,146,230.0,144.0,10.0,12.0,1,-1,-1,-1
60,146,230.0,160.0,10.0,12.0,1,-1,-1,-1
65,146,228.0,178.0,10.0,10.0,1,-1,-1,-1
70,146,228.0,194.0,10.0,12.0,1,-1,-1,-1
75,146,228.0,212.0,8.0,10.0,1,-1,-1,-1
80,146,226.0,228.0,10.0,10.0,1,-1,-1,-1
85,146,226.0,244.0,10.0,10.0,1,-1,-1,-1
90,146,226.0,260.0,10.0,12.0,1,-1,-1,-1
95,146,226.0,278.0,10.0,10.0,1,-1,-1,-1
15,147,280.0,668.0,8.0,10.0,1,-1,-1,-1
20,147,284.0,682.0,10.0,10.0,1,-1,-1,-1
25,147,288.0,696.0,10.0,10.0,1,-1,-1,-1
30,147,294.0,710.0,8.0,10.0,1,-1,-1,-1
35,147,298.0,722.0,10.0,10.0,1,-1,-1,-1
50,147,314.0,762.0,10.0,12.0,1,-1,-1,-1
55,147,320.0,776.0,10.0,10.0,1,-1,-1,-1
60,147,326.0,790.0,10.0,10.0,1,-1,-1,-1
65,147,332.0,804.0,10.0,10.0,1,-1,-1,-1
70,147,338.0,816.0,10.0,10.0,1,-1,-1,-1
75,147,346.0,830.0,10.0,10.0,1,-1,-1,-1
80,147,352.0,842.0,10.0,10.0,1,-1,-1,-1
85,147,360.0,856.0,10.0,10.0,1,-1,-1,-1
90,147,368.0,868.0,8.0,12.0,1,-1,-1,-1
95,147,374.0,882.0,10.0,10.0,1,-1,-1,-1
15,148,280.0,668.0,8.0,10.0,1,-1,-1,-1
20,148,278.0,680.0,10.0,12.0,1,-1,-1,-1
25,148,282.0,692.0,10.0,12.0,1,-1,-1,-1
30,148,286.0,704.0,10.0,12.0,1,-1,-1,-1
35,148,290.0,716.0,10.0,12.0,1,-1,-1,-1
40,148,294.0,728.0,12.0,12.0,1,-1,-1,-1
55,148,308.0,762.0,12.0,12.0,1,-1,-1,-1
60,148,314.0,772.0,10.0,12.0,1,-1,-1,-1
65,148,318.0,784.0,10.0,12.0,1,-1,-1,-1
70,148,324.0,796.0,10.0,12.0,1,-1,-1,-1
75,148,330.0,808.0,10.0,12.0,1,-1,-1,-1
80,148,336.0,820.0,10.0,10.0,1,-1,-1,-1
85,148,342.0,830.0,10.0,12.0,1,-1,-1,-1
90,148,348.0,842.0,10.0,12.0,1,-1,-1,-1
95,148,354.0,854.0,11.0,12.0,1,-1,-1,-1
15,149,492.0,758.0,12.0,10.0,1,-1,-1,-1
20,149,494.0,758.0,12.0,10.0,1,-1,-1,-1
25,149,496.0,758.0,12.0,10.0,1,-1,-1,-1
30,149,498.0,760.0,10.0,10.0,1,-1,-1,-1
35,149,498.0,760.0,12.0,12.0,1,-1,-1,-1
40,149,500.0,762.0,12.0,12.0,1,-1,-1,-1
45,149,502.0,764.0,12.0,12.0,1,-1,-1,-1
50,149,504.0,766.0,10.0,12.0,1,-1,-1,-1
55,149,504.0,768.0,12.0,12.0,1,-1,-1,-1
60,149,506.0,770.0,12.0,14.0,1,-1,-1,-1
65,149,508.0,774.0,12.0,12.0,1,-1,-1,-1
70,149,510.0,776.0,10.0,12.0,1,-1,-1,-1
75,149,508.0,780.0,14.0,12.0,1,-1,-1,-1
80,149,512.0,782.0,10.0,14.0,1,-1,-1,-1
85,149,514.0,786.0,12.0,12.0,1,-1,-1,-1
90,149,516.0,788.0,10.0,12.0,1,-1,-1,-1
95,149,518.0,792.0,10.0,12.0,1,-1,-1,-1
15,150,426.0,28.0,10.0,8.0,1,-1,-1,-1
20,150,434.0,30.0,10.0,10.0,1,-1,-1,-1
30,150,458.0,36.0,10.0,10.0,1,-1,-1,-1
35,150,464.0,38.0,12.0,10.0,1,-1,-1,-1
40,150,472.0,42.0,12.0,10.0,1,-1,-1,-1
45,150,480.0,44.0,12.0,10.0,1,-1,-1,-1
50,150,486.0,48.0,12.0,10.0,1,-1,-1,-1
55,150,494.0,50.0,12.0,10.0,1,-1,-1,-1
60,150,502.0,54.0,12.0,10.0,1,-1,-1,-1
65,150,510.0,56.0,12.0,10.0,1,-1,-1,-1
70,150,518.0,60.0,12.0,10.0,1,-1,-1,-1
75,150,526.0,62.0,10.0,10.0,1,-1,-1,-1
80,150,534.0,66.0,10.0,10.0,1,-1,-1,-1
95,150,556.0,76.0,12.0,8.0,1,-1,-1,-1
20,151,82.0,452.0,14.0,12.0,1,-1,-1,-1
30,151,70.0,448.0,14.0,12.0,1,-1,-1,-1
35,151,64.0,446.0,14.0,12.0,1,-1,-1,-1
40,151,58.0,444.0,14.0,12.0,1,-1,-1,-1
45,151,52.0,442.0,12.0,10.0,1,-1,-1,-1
55,151,40.0,440.0,14.0,8.0,1,-1,-1,-1
60,151,34.0,434.0,14.0,12.0,1,-1,-1,-1
65,151,28.0,430.0,12.0,12.0,1,-1,-1,-1
70,151,22.0,428.0,14.0,12.0,1,-1,-1,-1
75,151,16.0,426.0,14.0,10.0,1,-1,-1,-1
80,151,12.0,422.0,12.0,12.0,1,-1,-1,-1
85,151,6.0,420.0,14.0,10.0,1,-1,-1,-1
90,151,2.0,416.0,12.0,12.0,1,-1,-1,-1
20,152,894.0,196.0,10.0,10.0,1,-1,-1,-1
30,152,872.0,188.0,12.0,8.0,1,-1,-1,-1
35,152,864.0,182.0,10.0,10.0,1,-1,-1,-1
40,152,854.0,178.0,10.0,10.0,1,-1,-1,-1
45,152,844.0,174.0,12.0,10.0,1,-1,-1,-1
50,152,834.0,170.0,12.0,8.0,1,-1,-1,-1
60,152,816.0,160.0,10.0,10.0,1,-1,-1,-1
65,152,806.0,156.0,12.0,10.0,1,-1,-1,-1
70,152,798.0,152.0,10.0,10.0,1,-1,-1,-1
75,152,788.0,148.0,10.0,8.0,1,-1,-1,-1
80,152,778.0,144.0,12.0,10.0,1,-1,-1,-1
85,152,770.0,140.0,10.0,8.0,1,-1,-1,-1
95,152,750.0,132.0,10.0,8.0,1,-1,-1,-1
20,153,124.0,660.0,10.0,8.0,1,-1,-1,-1
25,153,114.0,662.0,8.0,8.0,1,-1,-1,-1
30,153,102.0,662.0,10.0,10.0,1,-1,-1,-1
35,153,92.0,664.0,10.0,10.0,1,-1,-1,-1
40,153,80.0,666.0,12.0,10.0,1,-1,-1,-1
45,153,70.0,668.0,10.0,10.0,1,-1,-1,-1
50,153,60.0,670.0,10.0,10.0,1,-1,-1,-1
55,153,50.0,672.0,10.0,10.0,1,-1,-1,-1
60,153,38.0,674.0,12.0,10.0,1,-1,-1,-1
65,153,28.0,676.0,12.0,10.0,1,-1,-1,-1
70,153,16.0,678.0,12.0,8.0,1,-1,-1,-1
75,153,6.0,678.0,10.0,10.0,1,-1,-1,-1
80,153,0.0,678.0,8.0,10.0,1,-1,-1,-1
20,154,170.0,482.0,10.0,10.0,1,-1,-1,-1
25,154,166.0,476.0,10.0,10.0,1,-1,-1,-1
30,154,160.0,472.0,10.0,10.0,1,-1,-1,-1
35,154,154.0,468.0,10.0,7.0,1,-1,-1,-1
40,154,148.0,466.0,10.0,8.0,1,-1,-1,-1
45,154,142.0,464.0,10.0,8.0,1,-1,-1,-1
50,154,134.0,462.0,12.0,8.0,1,-1,-1,-1
55,154,128.0,460.0,10.0,8.0,1,-1,-1,-1
60,154,122.0,458.0,10.0,8.0,1,-1,-1,-1
65,154,114.0,456.0,12.0,8.0,1,-1,-1,-1
70,154,108.0,454.0,10.0,8.0,1,-1,-1,-1
75,154,100.0,452.0,10.0,10.0,1,-1,-1,-1
80,154,94.0,450.0,10.0,10.0,1,-1,-1,-1
85,154,88.0,448.0,10.0,10.0,1,-1,-1,-1
90,154,82.0,446.0,10.0,10.0,1,-1,-1,-1
95,154,74.0,444.0,10.0,10.0,1,-1,-1,-1
20,155,84.0,618.0,10.0,10.0,1,-1,-1,-1
25,155,84.0,622.0,8.0,10.0,1,-1,-1,-1
30,155,82.0,624.0,10.0,10.0,1,-1,-1,-1
35,155,84.0,628.0,10.0,10.0,1,-1,-1,-1
40,155,84.0,630.0,10.0,10.0,1,-1,-1,-1
45,155,86.0,630.0,10.0,10.0,1,-1,-1,-1
60,155,88.0,632.0,8.0,10.0,1,-1,-1,-1
65,155,88.0,634.0,10.0,8.0,1,-1,-1,-1
70,155,88.0,634.0,12.0,10.0,1,-1,-1,-1
75,155,90.0,634.0,12.0,10.0,1,-1,-1,-1
80,155,94.0,634.0,10.0,10.0,1,-1,-1,-1
85,155,96.0,634.0,10.0,8.0,1,-1,-1,-1
90,155,100.0,632.0,10.0,10.0,1,-1,-1,-1
95,155,106.0,630.0,8.0,10.0,1,-1,-1,-1
20,156,464.0,28.0,10.0,8.0,1,-1,-1,-1
25,156,474.0,32.0,10.0,8.0,1,-1,-1,-1
30,156,484.0,36.0,10.0,10.0,1,-1,-1,-1
35,156,496.0,40.0,10.0,10.0,1,-1,-1,-1
40,156,506.0,46.0,10.0,8.0,1,-1,-1,-1
45,156,518.0,50.0,10.0,8.0,1,-1,-1,-1
50,156,528.0,54.0,10.0,8.0,1,-1,-1,-1
55,156,536.0,58.0,10.0,8.0,1,-1,-1,-1
60,156,546.0,62.0,10.0,9.0,1,-1,-1,-1
65,156,556.0,66.0,10.0,8.0,1,-1,-1,-1
70,156,566.0,70.0,10.0,10.0,1,-1,-1,-1
75,156,576.0,74.0,8.0,10.0,1,-1,-1,-1
80,156,584.0,78.0,10.0,10.0,1,-1,-1,-1
85,156,594.0,84.0,8.0,8.0,1,-1,-1,-1
90,156,602.0,86.0,8.0,10.0,1,-1,-1,-1
95,156,610.0,90.0,10.0,9.0,1,-1,-1,-1
25,157,636.0,100.0,12.0,10.0,1,-1,-1,-1
30,157,646.0,104.0,12.0,10.0,1,-1,-1,-1
35,157,656.0,108.0,12.0,10.0,1,-1,-1,-1
40,157,666.0,112.0,10.0,10.0,1,-1,-1,-1
45,157,674.0,116.0,12.0,10.0,1,-1,-1,-1
50,157,684.0,120.0,10.0,10.0,1,-1,-1,-1
55,157,694.0,124.0,10.0,8.0,1,-1,-1,-1
60,157,702.0,128.0,10.0,8.0,1,-1,-1,-1
65,157,712.0,132.0,10.0,8.0,1,-1,-1,-1
70,157,720.0,134.0,10.0,10.0,1,-1,-1,-1
75,157,728.0,138.0,12.0,10.0,1,-1,-1,-1
80,157,738.0,142.0,10.0,10.0,1,-1,-1,-1
95,157,764.0,154.0,10.0,8.0,1,-1,-1,-1
25,158,428.0,940.0,12.0,12.0,1,-1,-1,-1
30,158,422.0,928.0,10.0,10.0,1,-1,-1,-1
35,158,414.0,916.0,10.0,10.0,1,-1,-1,-1
40,158,406.0,902.0,10.0,12.0,1,-1,-1,-1
45,158,398.0,890.0,10.0,10.0,1,-1,-1,-1
50,158,392.0,878.0,10.0,10.0,1,-1,-1,-1
55,158,384.0,864.0,10.0,12.0,1,-1,-1,-1
70,158,362.0,824.0,12.0,12.0,1,-1,-1,-1
75,158,356.0,812.0,10.0,10.0,1,-1,-1,-1
80,158,350.0,798.0,10.0,12.0,1,-1,-1,-1
85,158,344.0,786.0,10.0,10.0,1,-1,-1,-1
90,158,338.0,772.0,10.0,10.0,1,-1,-1,-1
95,158,332.0,758.0,10.0,12.0,1,-1,-1,-1
25,159,402.0,822.0,10.0,10.0,1,-1,-1,-1
30,159,398.0,814.0,10.0,10.0,1,-1,-1,-1
45,159,384.0,788.0,10.0,10.0,1,-1,-1,-1
50,159,380.0,780.0,10.0,10.0,1,-1,-1,-1
55,159,374.0,770.0,10.0,10.0,1,-1,-1,-1
60,159,370.0,762.0,10.0,10.0,1,-1,-1,-1
65,159,364.0,752.0,10.0,10.0,1,-1,-1,-1
70,159,360.0,744.0,10.0,8.0,1,-1,-1,-1
85,159,346.0,716.0,10.0,8.0,1,-1,-1,-1
90,159,342.0,708.0,10.0,10.0,1,-1,-1,-1
95,159,340.0,698.0,10.0,12.0,1,-1,-1,-1
50,160,272.0,612.0,10.0,8.0,1,-1,-1,-1
60,160,264.0,580.0,10.0,8.0,1,-1,-1,-1
70,160,256.0,548.0,8.0,8.0,1,-1,-1,-1
75,160,254.0,530.0,8.0,10.0,1,-1,-1,-1
80,160,250.0,514.0,10.0,10.0,1,-1,-1,-1
85,160,248.0,498.0,7.0,10.0,1,-1,-1,-1
90,160,246.0,482.0,8.0,10.0,1,-1,-1,-1
95,160,244.0,466.0,8.0,9.0,1,-1,-1,-1
50,161,272.0,596.0,8.0,10.0,1,-1,-1,-1
55,161,268.0,584.0,10.0,8.0,1,-1,-1,-1
60,161,266.0,572.0,10.0,8.0,1,-1,-1,-1
75,161,258.0,536.0,10.0,8.0,1,-1,-1,-1
80,161,256.0,522.0,10.0,10.0,1,-1,-1,-1
85,161,254.0,512.0,10.0,8.0,1,-1,-1,-1
90,161,252.0,498.0,10.0,10.0,1,-1,-1,-1
95,161,250.0,486.0,10.0,10.0,1,-1,-1,-1
50,162,466.0,966.0,8.0,9.0,1,-1,-1,-1
55,162,462.0,956.0,8.0,10.0,1,-1,-1,-1
60,162,456.0,946.0,10.0,10.0,1,-1,-1,-1
75,162,440.0,918.0,10.0,10.0,1,-1,-1,-1
80,162,436.0,908.0,8.0,10.0,1,-1,-1,-1
95,162,420.0,880.0,8.0,10.0,1,-1,-1,-1
50,163,90.0,660.0,10.0,10.0,1,-1,-1,-1
55,163,78.0,662.0,10.0,10.0,1,-1,-1,-1
60,163,68.0,666.0,10.0,8.0,1,-1,-1,-1
65,163,56.0,668.0,10.0,8.0,1,-1,-1,-1
70,163,46.0,668.0,12.0,10.0,1,-1,-1,-1
75,163,34.0,672.0,10.0,8.0,1,-1,-1,-1
80,163,22.0,672.0,10.0,9.0,1,-1,-1,-1
85,163,12.0,674.0,12.0,8.0,1,-1,-1,-1
90,163,0.0,674.0,10.0,10.0,1,-1,-1,-1
50,164,290.0,4.0,8.0,8.0,1,-1,-1,-1
55,164,290.0,2.0,10.0,10.0,1,-1,-1,-1
60,164,290.0,2.0,10.0,10.0,1,-1,-1,-1
65,164,292.0,0.0,10.0,10.0,1,-1,-1,-1
70,164,294.0,0.0,10.0,8.0,1,-1,-1,-1
75,164,296.0,0.0,10.0,8.0,1,-1,-1,-1
80,164,298.0,0.0,10.0,6.0,1,-1,-1,-1
85,164,300.0,0.0,10.0,4.0,1,-1,-1,-1
50,165,492.0,986.0,10.0,10.0,1,-1,-1,-1
55,165,488.0,980.0,8.0,8.0,1,-1,-1,-1
60,165,484.0,970.0,10.0,10.0,1,-1,-1,-1
70,165,476.0,956.0,10.0,10.0,1,-1,-1,-1
75,165,472.0,948.0,8.0,10.0,1,-1,-1,-1
80,165,468.0,942.0,7.0,8.0,1,-1,-1,-1
85,165,464.0,934.0,8.0,8.0,1,-1,-1,-1
90,165,460.0,926.0,10.0,10.0,1,-1,-1,-1
95,165,456.0,918.0,10.0,10.0,1,-1,-1,-1
55,166,328.0,678.0,12.0,12.0,1,-1,-1,-1
60,166,326.0,668.0,10.0,12.0,1,-1,-1,-1
65,166,324.0,660.0,10.0,10.0,1,-1,-1,-1
70,166,324.0,648.0,10.0,12.0,1,-1,-1,-1
75,166,322.0,638.0,10.0,12.0,1,-1,-1,-1
80,166,320.0,628.0,10.0,12.0,1,-1,-1,-1
85,166,320.0,618.0,10.0,12.0,1,-1,-1,-1
90,166,318.0,608.0,10.0,12.0,1,-1,-1,-1
95,166,316.0,598.0,10.0,10.0,1,-1,-1,-1
55,167,408.0,4.0,8.0,8.0,1,-1,-1,-1
60,167,416.0,8.0,10.0,8.0,1,-1,-1,-1
65,167,426.0,12.0,10.0,8.0,1,-1,-1,-1
70,167,436.0,16.0,8.0,8.0,1,-1,-1,-1
80,167,454.0,24.0,10.0,8.0,1,-1,-1,-1
85,167,462.0,28.0,10.0,8.0,1,-1,-1,-1
90,167,472.0,32.0,10.0,8.0,1,-1,-1,-1
95,167,482.0,36.0,8.0,8.0,1,-1,-1,-1
55,168,408.0,4.0,8.0,8.0,1,-1,-1,-1
60,168,402.0,14.0,26.0,16.0,1,-1,-1,-1
70,168,440.0,26.0,4.0,10.0,1,-1,-1,-1
75,168,440.0,28.0,14.0,12.0,1,-1,-1,-1
80,168,440.0,28.0,22.0,16.0,1,-1,-1,-1
85,168,444.0,30.0,26.0,18.0,1,-1,-1,-1
90,168,452.0,34.0,22.0,16.0,1,-1,-1,-1
95,168,460.0,38.0,14.0,12.0,1,-1,-1,-1
55,169,984.0,456.0,10.0,10.0,1,-1,-1,-1
60,169,984.0,454.0,10.0,12.0,1,-1,-1,-1
70,169,986.0,448.0,10.0,12.0,1,-1,-1,-1
75,169,988.0,444.0,10.0,10.0,1,-1,-1,-1
80,169,990.0,442.0,8.0,10.0,1,-1,-1,-1
60,170,280.0,688.0,10.0,7.0,1,-1,-1,-1
65,170,284.0,700.0,10.0,10.0,1,-1,-1,-1
70,170,288.0,710.0,10.0,12.0,1,-1,-1,-1
75,170,292.0,722.0,10.0,10.0,1,-1,-1,-1
80,170,296.0,734.0,10.0,10.0,1,-1,-1,-1
90,170,306.0,756.0,10.0,12.0,1,-1,-1,-1
95,170,312.0,768.0,10.0,10.0,1,-1,-1,-1
60,171,258.0,536.0,10.0,10.0,1,-1,-1,-1
65,171,256.0,522.0,10.0,10.0,1,-1,-1,-1
70,171,254.0,510.0,10.0,10.0,1,-1,-1,-1
75,171,252.0,498.0,9.0,10.0,1,-1,-1,-1
80,171,250.0,486.0,10.0,10.0,1,-1,-1,-1
85,171,248.0,474.0,10.0,10.0,1,-1,-1,-1
90,171,246.0,462.0,9.0,10.0,1,-1,-1,-1
95,171,246.0,450.0,8.0,9.0,1,-1,-1,-1
60,172,246.0,556.0,8.0,8.0,1,-1,-1,-1
70,172,250.0,578.0,10.0,10.0,1,-1,-1,-1
75,172,254.0,590.0,10.0,12.0,1,-1,-1,-1
80,172,256.0,602.0,10.0,10.0,1,-1,-1,-1
85,172,260.0,614.0,8.0,8.0,1,-1,-1,-1
90,172,264.0,626.0,8.0,8.0,1,-1,-1,-1
60,173,272.0,558.0,8.0,10.0,1,-1,-1,-1
70,173,266.0,536.0,10.0,8.0,1,-1,-1,-1
75,173,264.0,524.0,10.0,10.0,1,-1,-1,-1
80,173,262.0,512.0,10.0,10.0,1,-1,-1,-1
85,173,260.0,500.0,10.0,10.0,1,-1,-1,-1
90,173,258.0,488.0,10.0,10.0,1,-1,-1,-1
95,173,256.0,476.0,10.0,10.0,1,-1,-1,-1
60,174,224.0,6.0,10.0,18.0,1,-1,-1,-1
65,174,222.0,18.0,10.0,18.0,1,-1,-1,-1
70,174,222.0,30.0,10.0,18.0,1,-1,-1,-1
75,174,222.0,42.0,10.0,16.0,1,-1,-1,-1
80,174,222.0,52.0,10.0,18.0,1,-1,-1,-1
85,174,220.0,62.0,10.0,18.0,1,-1,-1,-1
90,174,220.0,74.0,10.0,18.0,1,-1,-1,-1
95,174,220.0,84.0,10.0,18.0,1,-1,-1,-1
60,175,290.0,716.0,12.0,14.0,1,-1,-1,-1
65,175,294.0,726.0,12.0,14.0,1,-1,-1,-1
80,175,308.0,762.0,12.0,12.0,1,-1,-1,-1
85,175,314.0,772.0,10.0,14.0,1,-1,-1,-1
90,175,318.0,784.0,12.0,14.0,1,-1,-1,-1
95,175,324.0,796.0,12.0,12.0,1,-1,-1,-1
60,176,202.0,662.0,10.0,8.0,1,-1,-1,-1
70,176,190.0,672.0,12.0,10.0,1,-1,-1,-1
75,176,186.0,678.0,10.0,8.0,1,-1,-1,-1
80,176,180.0,682.0,10.0,10.0,1,-1,-1,-1
85,176,172.0,688.0,10.0,7.0,1,-1,-1,-1
90,176,166.0,690.0,10.0,10.0,1,-1,-1,-1
65,177,0.0,730.0,8.0,8.0,1,-1,-1,-1
70,177,8.0,732.0,11.0,8.0,1,-1,-1,-1
75,177,18.0,734.0,12.0,8.0,1,-1,-1,-1
80,177,28.0,736.0,12.0,8.0,1,-1,-1,-1
85,177,38.0,736.0,12.0,10.0,1,-1,-1,-1
90,177,48.0,738.0,12.0,10.0,1,-1,-1,-1
95,177,58.0,740.0,12.0,10.0,1,-1,-1,-1
65,178,310.0,532.0,12.0,18.0,1,-1,-1,-1
75,178,308.0,518.0,12.0,18.0,1,-1,-1,-1
85,178,306.0,502.0,12.0,18.0,1,-1,-1,-1
90,178,304.0,496.0,12.0,16.0,1,-1,-1,-1
65,179,868.0,202.0,12.0,10.0,1,-1,-1,-1
70,179,878.0,206.0,12.0,10.0,1,-1,-1,-1
80,179,898.0,214.0,12.0,12.0,1,-1,-1,-1
85,179,908.0,220.0,12.0,10.0,1,-1,-1,-1
90,179,918.0,224.0,12.0,10.0,1,-1,-1,-1
95,179,930.0,228.0,10.0,10.0,1,-1,-1,-1
65,180,304.0,822.0,10.0,10.0,1,-1,-1,-1
80,180,320.0,852.0,12.0,10.0,1,-1,-1,-1
85,180,326.0,860.0,10.0,10.0,1,-1,-1,-1
90,180,332.0,870.0,10.0,12.0,1,-1,-1,-1
95,180,338.0,880.0,10.0,10.0,1,-1,-1,-1
65,181,452.0,990.0,8.0,9.0,1,-1,-1,-1
80,181,430.0,952.0,8.0,8.0,1,-1,-1,-1
85,181,422.0,938.0,8.0,10.0,1,-1,-1,-1
90,181,414.0,924.0,8.0,10.0,1,-1,-1,-1
95,181,406.0,912.0,10.0,10.0,1,-1,-1,-1
85,182,12.0,734.0,10.0,8.0,1,-1,-1,-1
90,182,22.0,734.0,12.0,10.0,1,-1,-1,-1
95,182,32.0,736.0,10.0,10.0,1,-1,-1,-1
85,183,412.0,4.0,10.0,10.0,1,-1,-1,-1
90,183,422.0,10.0,10.0,10.0,1,-1,-1,-1
95,183,432.0,14.0,10.0,10.0,1,-1,-1,-1
85,184,428.0,714.0,10.0,10.0,1,-1,-1,-1
90,184,432.0,714.0,10.0,8.0,1,-1,-1,-1
95,184,440.0,712.0,6.0,10.0,1,-1,-1,-1
85,185,234.0,34.0,8.0,10.0,1,-1,-1,-1
90,185,232.0,46.0,10.0,12.0,1,-1,-1,-1
95,185,232.0,60.0,10.0,12.0,1,-1,-1,-1
85,186,532.0,68.0,8.0,10.0,1,-1,-1,-1
90,186,540.0,72.0,8.0,8.0,1,-1,-1,-1
95,186,546.0,74.0,8.0,10.0,1,-1,-1,-1
